0.000000	8.180000	8.170000	8.170000	8.170000	8.170000	8.170000	8.170000	8.170000	8.170000	8.170000	8.170000	8.170000	8.170000	8.170000	8.170000	8.170000	8.170000	8.170000	8.170000	8.170000
0.100000	8.176634	8.164227	8.163602	8.172393	8.172748	8.169343	8.169233	8.170135	8.170159	8.169978	8.169974	8.170003	8.170004	8.170000	8.170003	8.170027	8.170165	8.170800	8.172884	8.176730
0.200000	8.163402	8.155522	8.169508	8.183759	8.173681	8.161963	8.167064	8.173416	8.171433	8.168854	8.169480	8.170320	8.170162	8.169972	8.170163	8.170730	8.172100	8.174718	8.177235	8.174666
0.300000	8.151199	8.167805	8.194502	8.187570	8.152783	8.148988	8.177707	8.185466	8.167860	8.161544	8.170150	8.173776	8.170427	8.169259	8.171535	8.174172	8.176420	8.176858	8.171040	8.158180
0.400000	8.173252	8.208140	8.201472	8.143800	8.117183	8.171481	8.219677	8.184259	8.136252	8.153169	8.188168	8.182954	8.163523	8.166142	8.178461	8.180531	8.173992	8.163660	8.151038	8.148799
0.500000	8.226262	8.209115	8.124593	8.075851	8.158146	8.271422	8.233743	8.098381	8.088255	8.203141	8.241139	8.165370	8.128425	8.173495	8.202256	8.175308	8.143976	8.139289	8.154826	8.189622
0.600000	8.192886	8.083106	8.028562	8.153989	8.347317	8.314463	8.048978	7.953034	8.188310	8.378437	8.228142	8.026576	8.097957	8.259215	8.231772	8.104141	8.090083	8.175055	8.239942	8.247377
0.700000	7.976832	7.997074	8.200030	8.460195	8.405100	7.961247	7.731090	8.125007	8.615634	8.425443	7.847746	7.833633	8.317313	8.465584	8.098321	7.908106	8.154109	8.389404	8.313645	8.102687
0.800000	7.983049	8.433885	8.654610	8.414191	7.752655	7.419840	8.034650	8.975724	8.807583	7.561521	7.229325	8.254926	9.030064	8.321014	7.454418	7.857542	8.689614	8.631477	7.895739	7.633546
0.900000	9.129984	9.200682	8.098861	7.132095	7.058396	8.070720	9.505746	9.309596	7.013174	6.106756	7.867960	9.995367	9.107845	6.546520	6.794761	8.944646	9.667245	7.720727	6.627868	7.725415
1.000000	10.975389	7.118681	5.214671	6.500142	8.696577	10.495661	9.488621	5.665937	4.345704	6.892044	11.037735	10.733790	4.804171	4.222511	8.215327	11.790537	8.251532	4.160976	6.258425	10.162591
1.100000	6.122903	0.080720	4.398863	9.685860	12.987184	8.321031	2.075318	2.214930	5.189416	10.971941	12.686389	1.803849	-0.444772	4.470977	12.603700	11.128376	-0.538055	2.242111	8.355076	14.588382
1.200000	-7.494085	1.337626	4.601254	14.667914	8.257534	-5.688255	0.917872	2.810725	8.417845	13.349825	-0.782259	-6.121852	0.310255	5.259219	14.460195	-1.392168	-5.721603	0.119683	11.621189	10.756527
1.300000	-11.245878	0.437107	9.790515	10.785104	-10.026656	-2.945765	-1.116429	4.501547	11.221938	1.593151	-10.566683	1.336569	-1.211789	4.058704	11.510746	-8.152875	4.520494	-0.530233	10.233561	1.867330
1.400000	-4.466063	-8.334202	4.122594	4.402179	-12.287062	5.458584	3.811198	4.571099	8.668754	-10.188383	-3.604690	-1.347844	0.488020	4.469211	8.845644	-3.623568	8.188983	9.888828	3.291424	-8.329612
1.500000	0.016986	-8.006017	0.060201	4.331650	-9.300685	2.113300	10.702027	4.640052	-0.320820	-10.613762	3.106280	0.555572	0.740650	5.249497	7.788419	-0.075994	7.873929	7.709393	-10.072354	-2.826344
1.600000	0.929183	-6.555277	-2.053436	4.789282	-7.303878	-2.268311	10.299257	1.518160	-5.566230	-8.124024	-1.412048	2.594242	2.417698	6.273584	7.693909	2.166840	7.221037	-1.361414	-10.940285	1.145342
1.700000	1.541616	-5.378128	-3.197390	5.290146	-6.125685	-3.856374	7.848046	0.133071	-5.203103	-4.379807	-4.768371	-0.139708	4.281963	8.524877	6.808716	1.842506	4.683010	-6.844970	-6.032382	-2.977773
1.800000	3.055020	-3.978653	-3.657052	5.850745	-4.877114	-3.361447	5.848702	0.319610	-4.080990	-1.020655	-4.408488	-2.207669	2.625677	10.941657	4.042499	-0.489132	4.188897	-6.689927	0.861955	-4.034012
1.900000	4.864973	-3.379234	-3.184416	6.248933	-3.174020	-1.968234	4.900211	0.609328	-3.138222	1.327594	-3.180951	-1.633291	0.170864	11.318875	1.905866	-1.404430	5.355933	-3.199899	5.052833	0.045430
2.000000	3.264391	-4.308220	-2.785770	5.981963	-1.142969	-0.719781	4.842649	0.696395	-2.231631	2.785934	-1.730595	-0.168760	-0.238291	10.974756	1.270231	-1.286070	5.927594	1.665060	5.718020	3.476976
2.100000	0.488328	-4.196761	-3.317751	4.920491	1.167495	0.150599	5.126496	0.686255	-1.357147	3.582212	-0.110028	0.884726	1.013591	10.704866	0.491964	-0.826292	5.849335	5.971287	5.000202	2.818059
2.200000	-0.016207	-3.044829	-3.631217	3.202314	3.444423	1.208337	5.293532	0.612659	-0.539685	4.025971	1.455919	1.467848	2.805347	10.167866	-1.070824	0.136727	5.816074	8.507008	2.319860	0.680344
2.300000	0.611714	-2.087268	-3.008046	1.472419	5.066708	3.053847	4.771152	0.255244	0.246692	4.408494	2.844487	2.012844	4.510930	8.647175	-2.783483	1.476163	6.882600	8.097311	-1.695476	1.148548
2.400000	1.683252	-1.613448	-1.912442	0.386276	5.890261	5.160397	2.861541	-0.289592	0.986920	4.990539	4.129955	2.772006	5.687818	5.698123	-4.040418	1.877926	8.718354	4.340118	-4.154332	3.327634
2.500000	3.203293	-1.829713	-0.586542	0.203909	6.249765	6.106944	-0.143064	-0.060394	1.569510	5.921765	5.478241	3.428704	5.574455	1.810699	-4.457236	0.188354	9.435210	-0.076375	-3.991133	3.580433
2.600000	4.054799	-1.898376	0.820477	1.078931	6.711346	5.027288	-2.586524	1.210685	2.655646	7.201612	6.510898	2.868130	3.989920	-0.974834	-3.349150	-2.498918	9.003863	-1.031446	-2.286374	2.650529
2.700000	4.439741	-1.382336	1.894218	2.913111	7.195401	1.922009	-3.394877	1.792410	4.951069	8.856231	5.126182	0.677522	3.073397	-1.471600	-1.371968	-3.732249	8.189955	1.197541	-1.260523	2.489966
2.800000	4.876007	-0.629176	2.560212	5.108688	6.282146	-2.093942	-2.207935	0.708417	6.809697	9.536035	-0.015286	-0.183319	3.526717	-0.685156	0.267068	-3.023757	7.218950	3.456701	-1.522575	2.757958
2.900000	5.634224	0.164246	3.082359	6.712338	2.828559	-4.279053	0.142969	0.485568	7.319146	7.356788	-4.579906	1.714244	4.208154	0.184715	1.141053	-1.454361	6.620775	4.200701	-2.085130	3.054188
3.000000	6.726225	1.080128	3.602420	6.810760	-1.551783	-3.439739	0.706297	1.911671	7.838245	2.608841	-5.931534	2.310783	5.886692	0.505564	1.613763	0.286431	6.611781	3.513380	-2.419470	3.057857
3.100000	7.968920	2.433114	3.803396	5.219859	-4.082410	-0.710234	0.373536	2.962931	7.663230	-2.781547	-4.325273	-0.512403	6.746481	1.683872	1.768802	1.993085	6.833310	1.633708	-2.387323	2.447367
3.200000	8.965174	4.193936	2.768432	3.044414	-4.097453	1.454609	1.516939	3.924429	5.969918	-5.393336	0.433586	-1.717543	6.171789	4.221616	1.335048	3.166955	6.642830	-0.781079	-1.550290	1.430969
3.300000	9.532620	4.822941	0.229834	2.309394	-2.871514	2.101027	3.571917	4.893883	2.815249	-5.046032	3.566481	1.803580	6.255092	5.309248	0.741095	3.778178	5.859704	-2.455658	0.197146	1.362936
3.400000	9.912475	2.281941	-1.581101	3.286313	-0.993441	2.349949	5.455033	4.573944	-0.902385	-3.899214	2.723279	5.990569	6.849048	3.334676	0.345459	4.230286	4.824909	-2.947424	1.779822	3.301496
3.500000	8.559601	-2.677097	-0.617626	3.765929	1.229232	2.950829	6.515315	2.078223	-3.091874	-2.348134	0.512048	7.724003	6.830739	-0.584886	0.748773	4.742978	3.701726	-2.846146	2.242214	6.260460
3.600000	3.826783	-5.876236	1.100746	4.527572	3.049215	3.923888	6.032979	-1.241274	-2.332864	-1.200790	-0.494377	7.695942	5.355402	-3.630579	1.619076	5.689924	2.160784	-2.673926	1.647783	8.213832
3.700000	-1.402782	-5.226553	-0.477831	5.386954	5.312979	4.214838	3.670381	-2.932054	-0.101579	-0.481994	-0.388868	7.497294	2.832118	-4.847974	1.311035	6.783529	0.290495	-2.195782	0.544555	8.626744
3.800000	-3.366677	-1.262685	-2.091350	4.181330	7.991622	2.796890	0.807589	-2.537146	1.278140	0.536579	0.421556	7.532146	-0.073703	-4.479827	-0.622885	7.116321	-0.339246	-1.064840	-0.108063	8.586270
3.900000	-1.649892	2.273133	-0.739233	3.345248	9.123873	0.395723	-0.120023	-1.539877	1.754221	1.722815	1.790496	7.294388	-2.484744	-2.028106	-2.449380	6.636827	1.160507	-0.367949	0.183715	8.552494
4.000000	1.251530	3.009678	1.108031	3.932393	8.704059	-1.529134	1.290349	-0.475256	2.175557	3.020341	3.459689	5.991262	-3.301003	1.548101	-1.593485	6.261671	2.923455	-0.758734	0.648440	8.542226
4.100000	3.396770	1.918777	2.300889	5.233510	7.003157	-2.269261	3.359975	1.378035	2.784383	4.398907	4.695665	3.468294	-2.852909	3.620847	1.842534	6.380602	2.703828	-1.520582	0.742738	8.762516
4.200000	4.267243	0.196711	3.056458	6.700008	4.234159	-2.319143	4.467787	4.135602	3.530652	5.338948	4.442510	0.595609	-1.989004	3.677161	5.528582	5.653334	0.088991	-1.406250	0.334320	8.999776
4.300000	3.888048	-1.346292	3.338159	7.808133	0.818720	-1.974320	4.178473	7.115536	4.401068	4.791603	2.640584	-1.008997	-1.030030	3.116275	7.688973	2.855197	-2.274847	-0.042911	0.367205	9.036181
4.400000	1.893536	-2.128470	2.902520	8.181272	-2.000105	-0.676661	3.388316	9.374133	4.629510	2.197456	1.211867	-0.893349	-0.277827	3.051727	8.200068	-0.778393	-1.995161	0.759072	1.616489	9.153165
4.500000	-1.198076	-1.346734	2.016810	8.039111	-2.678429	1.253605	4.248723	10.390267	2.204831	-0.292584	1.507410	-0.103890	0.427359	3.590040	7.499959	-3.085284	0.369191	1.156305	3.090489	8.891925
4.600000	-3.516453	0.985653	2.427645	7.658024	-1.713208	2.437038	6.851398	8.929605	-2.590256	0.584332	2.175590	0.858128	1.247696	4.513224	5.907593	-3.573996	2.677645	3.011054	4.721575	7.116645
4.700000	-4.149950	2.210156	4.924126	6.569794	-1.375368	2.875285	8.971620	3.419125	-5.381921	2.619367	3.760152	1.513141	2.153936	5.424308	3.661804	-3.296280	3.291047	6.163675	5.782950	2.780800
4.800000	-3.021290	0.749595	6.708297	4.829151	-2.131871	2.771684	9.353423	-3.137445	-3.932482	0.917825	5.523235	2.416807	2.876018	5.779848	1.053832	-2.803291	2.249222	8.610984	3.938771	-2.194144
4.900000	-1.337546	-0.545809	6.856792	3.521442	-2.865125	2.096784	8.717128	-5.427758	1.273348	0.304023	5.870766	4.576369	3.268156	4.925011	-1.093170	-1.700903	0.824272	9.240957	0.310757	-3.437223
5.000000	-0.475715	-0.491754	6.764703	2.347185	-3.264072	1.024513	8.449677	-2.727533	4.668469	4.312025	6.402291	5.444767	2.684551	3.233543	-1.795903	-0.241725	0.556149	9.149080	-1.701338	-1.480117
5.100000	0.336848	0.257283	6.859644	0.883255	-3.165036	-0.424866	8.453944	2.131771	5.212680	7.923316	6.138712	3.094862	1.638542	2.467980	-1.315138	0.828989	1.620676	8.834720	-1.775485	1.043168
5.200000	1.530597	1.417962	6.890412	-0.753392	-2.103230	-1.693155	7.551164	7.724034	5.616183	7.888732	3.330814	0.476152	1.837550	2.626463	-0.516478	1.541529	3.320547	8.141132	-1.190428	2.800916
5.300000	3.168789	2.762204	6.234954	-1.922925	0.005805	-1.597240	5.670071	12.413114	5.054952	3.433398	0.813964	0.460718	2.470736	3.067957	0.229046	2.163076	5.137101	6.978540	-0.930192	3.826643
5.400000	5.362630	3.734649	4.389671	-2.121270	2.030504	0.078545	4.898852	13.925862	0.509701	0.279877	1.099036	1.323043	3.216750	3.470165	0.884159	2.887166	6.733274	5.079473	-1.105235	4.409470
5.500000	7.689817	3.235424	1.831652	-1.479816	2.947756	2.675434	6.479619	11.516763	-3.948143	3.105899	2.404785	2.299204	4.027320	3.690670	1.476030	3.809012	7.644045	2.229815	-1.190199	4.438234
5.600000	9.006322	1.016374	0.458559	-0.509007	3.172377	5.738332	8.577725	4.541544	-5.197834	5.379485	6.245603	2.627644	4.303692	3.812861	2.147465	4.871014	7.154566	-0.977651	-0.482110	4.132635
5.700000	8.757824	-1.344331	1.372788	0.598478	3.672929	8.473171	5.968021	-4.059300	-3.837915	2.071204	9.341473	3.201595	3.592494	4.190258	3.226933	5.691793	4.759428	-3.131890	0.668268	4.678668
5.800000	7.221760	-2.704097	3.293842	2.803641	5.044464	8.503303	-2.059402	-5.212334	-1.815353	-1.021031	9.377397	5.974498	1.790650	4.452187	4.892896	5.329156	1.067570	-3.422289	0.591356	5.857676
5.900000	5.588973	-3.001287	4.221982	6.564849	6.171012	3.152985	-6.349448	-0.443163	-1.590062	-2.064092	7.827711	8.097925	-0.379208	4.730903	6.756214	2.694402	-1.726250	-2.137210	-0.455313	6.148621
6.000000	4.531476	-2.891395	3.662738	9.745839	2.720579	-2.967882	-5.057515	0.843178	-0.449017	-1.736195	6.049009	8.823442	-1.119912	5.163699	7.577851	-1.490236	-1.278376	-0.924898	-0.722900	5.926956
6.100000	3.531854	-2.926749	2.381035	10.422579	-2.583509	-1.612813	-3.950126	0.284972	0.523299	-0.762366	5.171313	9.002267	-0.347526	5.578177	6.471713	-4.129090	1.808904	0.070016	-0.162088	5.920110
6.200000	2.047230	-3.045107	0.796581	10.207611	-2.220680	3.160329	-2.471315	0.980312	1.411078	0.509559	5.345077	9.138093	0.901952	5.691728	4.116115	-4.265746	4.162134	2.287278	0.890725	6.160206
6.300000	0.053098	-2.577186	-0.988506	9.915973	2.600136	3.606352	-0.944882	1.960142	2.461671	2.034369	6.461233	9.014996	1.277557	5.197830	1.855518	-3.396284	4.280964	5.092382	2.192455	5.913014
6.400000	-1.516961	-1.027304	-1.919679	8.734257	6.152698	-0.435297	-0.388311	2.483044	3.810034	4.121561	8.090386	7.336443	0.124827	4.936624	0.704132	-2.421343	3.244710	7.478620	3.568850	4.083729
6.500000	-1.570527	0.503841	-1.141340	7.665673	5.679946	-4.208591	1.214354	3.348934	5.622774	7.003453	8.193782	2.581058	-0.730259	5.408445	0.679464	-1.558377	2.276983	9.050230	3.771652	0.801535
6.600000	-0.585374	1.243245	0.495471	7.555782	2.564780	-5.408306	1.707483	5.766843	8.528036	7.930051	2.920810	-1.625665	-0.074930	5.667613	0.969020	-0.915849	1.841749	9.771742	1.869599	-1.470130
6.700000	0.116097	1.857949	2.360775	7.395887	-1.584204	-4.344501	-0.636882	6.932570	11.262208	1.109847	-2.103602	-0.842776	-0.078099	5.890979	1.317764	-0.475510	1.882588	9.830674	-0.638989	-1.086027
6.800000	0.883054	2.603993	4.219354	5.679403	-4.449816	-0.571744	-2.057243	4.967621	10.384491	-5.263056	1.858383	0.063922	0.402803	6.127906	1.710805	-0.231738	2.218020	9.469127	-1.762839	0.985757
6.900000	2.469848	3.567154	5.263075	2.282614	-4.683014	2.629953	0.025822	4.236960	8.588877	-4.002922	6.301513	3.318210	1.293556	6.314958	1.719820	-0.067946	2.676641	9.012787	-1.212706	2.827880
7.000000	4.497420	4.527387	4.323926	-1.080071	-3.580870	2.733554	3.252184	5.323986	6.671665	-1.201613	7.216737	6.407867	1.560844	5.994054	1.487305	0.221852	3.243114	8.748704	-0.002799	3.668094
7.100000	6.330090	4.365533	1.443410	-2.338882	-2.324520	1.491644	5.541235	6.973432	3.947436	0.277164	7.294554	7.767563	1.122725	5.449033	1.606463	0.680798	4.016629	8.725527	0.953639	3.947384
7.200000	7.352728	2.116788	-0.785443	-1.457140	-1.483318	0.669044	6.696284	7.748036	0.399643	1.032932	7.766238	7.798869	0.177947	5.320347	2.375328	1.249938	5.032158	8.758654	1.250894	4.150687
7.300000	7.211104	-0.867504	-0.400842	-0.403395	-0.683111	0.563973	7.283351	6.525911	-2.805743	1.528207	8.903566	6.437346	-0.977805	5.723650	3.978914	1.949487	6.157789	8.422304	0.814789	4.401358
7.400000	6.311312	-2.596956	1.600865	0.541516	0.149364	1.103819	7.747288	3.294660	-4.764386	0.429932	9.863626	4.201290	-1.903713	5.931103	6.565190	2.911431	6.925521	7.119844	-0.019026	4.717167
7.500000	5.298228	-2.847516	3.432107	2.099841	0.778201	2.079612	7.838544	-1.046409	-4.351289	-2.726126	8.841464	3.603294	-2.308795	5.210853	9.783279	4.283133	6.227791	4.753225	-0.321165	5.046863
7.600000	4.246608	-2.364917	4.321401	4.029106	1.081808	3.051493	6.941256	-3.809753	-0.237504	-4.120295	6.360750	5.001689	-2.519172	3.857351	12.726272	4.812752	2.926433	2.947176	0.592497	5.354223
7.700000	2.738310	-1.733963	4.429989	5.780838	1.281717	3.671956	5.431047	-3.496711	3.893795	-1.096555	5.532484	5.436291	-2.903104	2.174652	14.197318	2.479378	-0.453228	3.103681	2.580217	5.683823
7.800000	0.467882	-0.992214	4.167840	7.164193	1.628791	3.850821	4.182476	-1.950362	5.278024	3.581577	5.620197	3.205917	-3.806879	-0.366363	14.077476	0.489872	-0.883570	3.349596	5.118972	5.264605
7.900000	-1.557009	-0.140023	4.136669	8.188216	1.984309	3.572255	3.494924	-0.405447	5.410898	7.085125	3.553759	-0.600923	-3.426170	-3.978601	12.373310	2.831368	-1.269698	3.395014	7.094385	3.127852
8.000000	-1.676049	0.145773	4.588280	8.953161	1.719436	3.061829	3.442484	1.144846	5.830610	7.658307	-0.984212	-1.064122	-1.575584	-5.636924	8.498814	6.104320	-3.478708	3.183080	8.397148	-0.201372
8.100000	0.542503	0.533172	5.151675	9.326316	0.645450	2.906763	4.118187	2.981979	6.540749	4.863392	-3.842263	1.670672	-0.632902	-4.973276	4.467894	7.093724	-4.499263	2.836290	9.131951	-2.506433
8.200000	3.149739	2.810701	6.388502	8.304940	-0.845179	3.412954	5.736713	4.955930	5.733198	0.362386	-3.683393	3.367281	0.114713	-3.754532	1.723644	7.266208	-3.492788	2.514310	9.445752	-2.102328
8.300000	4.187566	6.276575	7.570499	4.094940	-2.087877	3.711570	8.400883	5.330209	1.702018	-2.075966	-2.578665	3.353821	0.839601	-2.747334	0.239321	7.403586	-1.260907	2.541055	9.649961	0.075538
8.400000	4.368509	8.707122	5.104548	-1.687657	-1.511944	2.580130	10.235933	2.264352	-1.919435	-0.940732	-2.108439	3.178201	1.518156	-2.093543	-0.427895	7.426945	1.713994	3.122740	9.778240	2.245355
8.500000	4.474360	8.323402	-0.629568	-2.850726	-0.624478	1.943983	10.328435	-1.226115	-1.351562	0.330009	-1.235987	3.316810	2.090867	-1.775492	-0.610930	7.211125	5.295961	4.374011	9.423831	3.485573
8.600000	4.323189	5.739542	-3.853831	0.026044	-0.360220	1.914295	9.869743	-2.196034	1.304405	1.116209	-0.117361	3.676708	2.315913	-1.699897	-0.557558	6.789727	9.399263	5.792446	7.374542	3.350858
8.700000	4.400249	3.005158	-3.974883	2.333842	1.286663	2.752560	9.266035	-1.059531	3.249860	2.269117	0.896107	4.114876	2.084607	-1.695777	-0.423965	6.312437	13.048205	4.537945	3.140711	3.146699
8.800000	4.670559	0.399322	-3.128403	2.635318	3.761424	4.709277	8.083371	-0.141408	4.012543	3.475651	1.738281	4.349219	1.454421	-1.542427	-0.281591	5.972529	13.979633	-0.655346	1.644713	4.024266
8.900000	3.178530	-1.843022	-1.914234	1.816441	5.991463	7.135444	5.110747	-0.416056	4.450497	4.850832	2.353982	4.092944	0.707326	-1.073780	-0.089276	5.910987	12.082999	-3.718843	4.171482	6.272083
9.000000	-1.625397	-1.623630	-1.056542	1.244058	7.487249	7.906627	-0.029139	-0.365169	4.656450	6.458228	2.421800	3.262080	0.294889	-0.353711	0.318958	6.216135	9.496766	-3.559060	5.669156	8.670847
9.100000	-5.195895	2.640262	0.118520	1.404405	8.423086	5.109545	-4.275819	0.777302	5.246717	7.469104	1.566147	2.404102	0.489142	0.391154	1.086532	6.908313	6.919650	-3.026968	5.764594	8.324014
9.200000	-4.667605	6.018151	4.060420	2.663146	8.405529	-0.254317	-4.932070	-0.140317	6.214457	7.567232	-0.316015	2.523423	1.243295	1.080852	2.222615	7.723280	3.856760	-2.826582	5.375423	7.100821
9.300000	-2.511414	6.431788	8.644856	3.566082	5.496471	-4.144649	-1.636209	-2.048692	5.099799	7.733907	-1.492339	3.630384	2.639349	1.733530	3.591596	7.873547	0.098392	-2.303613	4.441421	6.722542
9.400000	0.052522	6.254115	10.963277	1.252633	2.084766	-3.980798	1.445525	-0.998654	4.091899	7.978066	-0.793395	4.588735	4.479621	2.366463	4.733438	6.364948	-3.163231	-0.784976	3.543277	6.989443
9.500000	2.800723	6.832084	9.359845	-2.205959	3.426143	-2.120774	2.763390	1.394314	4.553912	7.874925	0.516790	4.975112	6.112044	2.977947	4.928864	3.394548	-4.429556	0.513933	3.989254	7.615582
9.600000	5.131423	6.393860	4.840901	-2.708959	5.794203	1.551031	3.354310	3.702002	5.968616	7.038261	1.153662	5.223048	7.362527	3.045505	3.803672	0.711537	-3.976610	0.195072	4.948805	9.237263
9.700000	5.021560	2.644372	1.744943	-1.407972	5.972526	5.300769	3.348277	5.139859	7.330481	4.979165	1.094676	5.689258	8.136276	1.725792	2.387542	-0.310825	-2.840807	-0.655845	4.893138	11.851586
9.800000	0.929938	-0.103152	1.918062	0.320623	5.944178	7.820623	3.565231	5.703891	7.453320	2.144366	1.248199	6.414207	7.811915	-0.562303	2.469141	-0.111639	-1.713487	-0.843894	4.037481	13.219351
9.900000	-2.323128	1.701897	2.714102	2.316472	6.971949	9.189753	3.357030	5.342025	6.143525	0.069307	1.873655	7.463244	5.811351	-2.218842	3.927868	0.782241	-0.882918	-0.405027	3.534058	12.622593
10.000000	-1.979088	4.199885	4.966439	4.556628	8.758459	8.335394	1.342830	4.772562	4.970618	-0.651103	2.368461	8.454103	2.473682	-2.605680	4.956709	2.267905	-0.691437	0.263000	3.882346	11.401620
10.100000	-0.601603	5.118925	8.589600	7.499253	8.155898	3.434447	-0.397117	4.997624	4.806469	-0.886510	2.635119	8.767342	-0.958981	-1.805890	4.792560	3.507962	-1.065198	0.900155	4.949985	10.333142
10.200000	-0.154334	5.405006	12.655082	6.929966	0.989453	0.052747	0.235740	5.265758	4.708342	-1.118532	2.796839	8.398053	-3.111479	-0.023247	4.609346	3.818424	-1.425547	1.354294	6.473712	9.354133
10.300000	-0.851027	5.452376	13.868893	-1.933603	-1.731468	0.871352	1.358605	5.804824	3.987353	-1.353127	2.874773	7.778478	-3.516079	1.762375	5.561954	3.026748	-1.699718	1.436014	8.036660	7.940292
10.400000	-2.199597	4.848136	11.682576	-5.993518	4.395674	2.614405	2.570289	6.353640	2.385621	-1.448862	2.795305	7.333578	-2.778049	2.757984	6.967994	1.042630	-1.742334	0.973967	9.080913	5.684960
10.500000	-3.243595	3.375945	10.601515	-2.413834	7.424595	7.548118	2.803704	5.485224	0.543424	-0.992201	2.605235	7.183905	-1.508402	3.248217	7.634263	-1.329428	-0.650642	0.498181	9.366383	2.859837
10.600000	-2.965207	0.875169	11.063300	4.120360	7.365315	8.519902	0.999261	4.174624	0.095665	-0.160240	2.755354	7.232658	-0.017009	3.688435	7.228064	-2.611398	1.498749	1.705575	9.274562	-0.352010
10.700000	-0.146197	-0.536649	10.622812	10.998396	3.923508	4.361776	0.360935	4.287996	0.793947	0.591909	3.421479	7.461929	1.345474	4.056030	6.066172	-2.559582	3.010356	4.871955	7.668907	-3.656662
10.800000	2.655728	2.558906	10.938254	10.263289	-3.169797	4.323336	2.574670	4.353110	1.361137	1.268456	4.451748	7.856461	2.115914	4.039874	4.673892	-1.978759	3.295551	7.561744	2.927088	-5.062757
10.900000	1.161728	6.504630	11.766390	-0.743233	-5.319365	4.553095	7.288094	2.855931	0.877203	2.068575	5.885763	8.055138	1.717925	3.681427	3.659799	-1.263612	3.162379	8.131409	-2.576231	-3.720172
11.000000	0.077060	7.026375	7.270261	-9.383947	0.173535	1.317162	8.755251	1.912796	0.363379	2.894402	7.790141	7.005011	0.011929	3.725560	3.463927	-0.514253	3.281148	7.111784	-5.203528	0.417308
11.100000	3.461284	7.021970	-0.387488	-9.588284	1.361711	5.068699	8.483590	0.220476	0.403659	3.605553	9.414473	3.633923	-1.633673	4.244944	4.204751	0.123173	3.691384	5.582520	-4.701266	3.520884
11.200000	7.317674	2.775657	-6.391680	-5.164491	-4.285527	3.097804	8.576783	-2.091299	1.599234	5.035881	9.311942	-1.304993	-1.288953	4.051612	5.425421	0.756162	4.104748	4.149300	-3.527753	3.712914
11.300000	8.190711	-3.722219	-4.426334	-1.336389	-5.024447	-1.939695	8.555148	0.361027	2.573905	7.173072	5.782307	-5.189662	0.764192	4.309869	6.226269	1.554037	4.208679	2.831976	-2.706570	2.825013
11.400000	7.558453	-5.691644	1.057914	-0.413656	-3.678697	-4.489446	6.006584	5.547973	3.196337	7.173543	-0.070738	-5.664804	0.220764	5.649620	6.814600	1.573389	3.914584	1.776628	-2.025718	2.067385
11.500000	7.065415	-3.406060	4.954362	0.874248	-2.771233	-4.376924	1.544527	8.846569	4.996220	3.383798	-3.825905	-2.899760	-2.201053	4.669215	8.148741	1.054828	3.605300	1.330834	-1.324728	1.730766
11.600000	7.082514	0.376565	6.119881	0.870727	-2.679844	-2.808503	-1.866433	8.463088	5.765209	-2.897005	-2.852244	-0.867621	-2.400680	2.539957	9.393201	1.627467	3.152616	1.265912	-0.627140	1.813434
11.700000	7.657438	3.649043	4.758977	-0.813381	-1.731967	-1.194064	-2.767439	6.770054	4.305640	-6.107757	0.791186	-0.173208	-1.567625	1.106500	9.983212	3.000020	1.744799	1.308190	0.147856	2.279537
11.800000	8.644355	4.281331	1.201816	-1.501927	-0.344983	-0.175942	-2.187286	5.922306	2.466876	-6.098842	3.087881	1.697307	-0.765969	0.765367	10.170760	3.320458	-0.356823	1.777710	1.215534	3.257053
11.900000	8.864391	1.023131	-0.912185	-0.601525	0.444173	0.614620	-1.076776	5.899692	0.780998	-5.147774	2.941734	3.838313	-0.528242	1.034927	10.252784	1.832666	-1.617736	2.423777	2.950561	5.029586
12.000000	5.552982	-2.976311	0.695919	0.240353	1.150422	1.320384	0.286069	6.129739	-0.878742	-3.833976	1.469662	5.145961	-0.110674	1.507014	10.177601	-0.303644	-1.227913	2.483431	5.293015	7.258522
12.100000	-1.287400	-3.218888	1.791261	1.712028	1.828563	1.984629	1.761234	5.974120	-2.294511	-1.839590	0.189898	5.677884	1.287190	2.348550	9.674989	-1.717751	0.448345	2.754731	7.477361	6.984895
12.200000	-4.892505	-1.212777	1.254944	2.951148	2.624587	2.589887	3.092323	4.996894	-2.944877	0.492294	0.451119	5.961779	3.499125	3.605652	8.269955	-2.139957	2.215248	4.643739	8.497200	1.414852
12.300000	-2.040461	-1.376821	1.100150	3.929502	3.719623	3.147514	3.846898	3.343716	-2.762643	2.020312	2.384869	6.591492	5.575097	4.328823	5.614349	-2.084650	2.971749	7.423914	5.498828	-4.961034
12.400000	0.751302	-0.623347	1.250609	4.928402	5.063340	3.360252	3.647994	1.703051	-2.096829	2.339031	5.032011	8.047700	5.844625	2.931314	3.020284	-1.493819	2.773662	8.630013	-1.067522	-5.588196
12.500000	0.316261	0.524116	1.929258	6.074008	6.137901	2.575368	2.779149	0.855626	-1.236295	2.098897	7.549339	9.263084	2.173256	0.919529	2.544802	-0.345832	2.766216	7.893142	-5.402968	-1.591083
12.600000	1.628152	1.334069	3.067181	7.484108	5.760179	0.629290	2.456544	0.959079	-0.377964	2.104061	9.417250	6.837954	-3.192066	1.842436	3.247138	0.969433	3.388395	6.135013	-5.658491	2.815868
12.700000	4.661105	1.950688	4.325322	8.518417	2.870687	-0.941131	3.043460	1.738886	0.389480	2.698129	10.114351	0.547626	-4.840136	2.211509	5.062384	2.200833	3.947034	4.001675	-4.309522	4.295512
12.800000	7.333223	3.014545	5.172676	7.710944	-1.134591	-0.490995	3.423003	2.862106	1.121739	3.733965	8.871356	-4.936181	-1.489211	0.183805	6.092134	4.256725	3.455833	1.924220	-3.052980	3.614558
12.900000	9.251824	5.182313	4.563347	4.651811	-3.180121	0.873330	4.041938	3.822718	1.987350	4.725469	5.793820	-6.041691	3.074428	2.219121	6.534550	5.657123	1.356687	0.693957	-1.941445	2.374091
13.000000	10.538727	6.389911	1.012509	2.419755	-2.745623	1.172409	5.218331	4.801425	2.693262	4.953164	2.246349	-5.209872	3.227373	7.015716	7.072626	2.905611	-0.659665	1.241348	-0.824738	1.734929
13.100000	11.275347	3.566011	-2.435225	3.526201	-1.093396	1.270215	6.331012	5.974930	2.567873	4.056429	-0.423450	-4.091227	0.321879	9.165509	5.841886	-2.243367	-0.010908	1.958884	0.405885	2.170916
13.200000	10.874144	-1.767801	-2.078555	4.173563	1.383328	1.977897	7.416537	6.384552	1.064596	3.126650	-1.366032	-2.462507	-2.042485	8.355485	3.675439	-4.902176	1.552480	2.990934	1.595011	3.573841
13.300000	7.884800	-5.501102	0.864041	4.309894	3.318801	3.456531	8.269350	4.571644	-0.783130	3.533542	-0.952083	-0.787551	-2.452101	7.347602	2.024253	-5.278166	1.643802	4.743226	3.236336	5.235885
13.400000	2.339240	-6.164476	1.501941	6.223046	5.158888	5.028035	7.573744	0.740940	-1.043668	4.280292	0.266339	0.278887	-1.578897	7.120062	0.567359	-4.738345	0.258065	5.982290	6.055949	5.229968
13.500000	-1.411853	-4.829489	-1.372442	6.516964	8.625016	4.731562	3.938338	-1.810044	-0.132381	4.584176	1.464169	0.571629	-0.368315	7.263600	-0.867247	-3.355914	-1.360455	5.495219	8.570987	1.232859
13.600000	0.770449	-3.459184	-2.787151	3.438971	11.418615	1.937740	0.494690	-1.559986	0.174034	4.953926	2.310949	0.467585	0.721088	7.306468	-1.709673	-1.077578	-1.767842	3.956272	8.865392	-2.671200
13.700000	4.497898	-2.203556	-1.556828	0.696099	11.749470	0.570952	-0.009915	-0.646102	0.413833	5.354241	2.903262	0.204387	1.581057	7.164591	-1.498023	1.184898	-0.778419	3.242695	8.332722	-2.232426
13.800000	5.780863	-1.069385	0.101533	0.543578	11.465746	0.839209	-0.012729	0.192845	1.042303	5.834743	3.055653	-0.093023	2.228573	7.064816	-0.547688	2.568182	0.902936	3.715960	7.989378	0.289134
13.900000	4.974330	-0.486558	1.181880	2.058398	11.125436	0.207426	0.102172	0.952081	2.064004	6.376563	2.525475	-0.290894	2.707697	7.229539	0.560013	3.105759	2.778370	5.007553	7.766435	1.912251
14.000000	3.947376	0.206476	1.885064	4.245032	10.138574	-1.570072	1.424097	1.883501	3.412514	6.661230	1.190571	-0.152782	3.091770	7.684403	1.483227	3.231751	4.761073	6.789221	6.688157	1.475378
14.100000	3.955589	1.477011	2.616220	6.334875	7.546340	-3.099004	3.419596	4.079244	4.865975	5.747599	-0.565581	0.534266	3.701434	8.259284	2.052846	3.337772	6.860626	7.904991	3.240983	0.360130
14.200000	4.443065	3.199779	3.782202	7.389024	3.158444	-3.664277	3.696464	7.630463	5.335874	2.430453	-1.498849	1.221710	4.995217	8.712391	1.967521	3.665286	8.683375	5.871353	-1.356357	0.772185
14.300000	5.472800	5.277831	4.948291	5.907967	-1.494163	-2.780012	1.521644	9.774229	3.557194	-1.436319	-0.740496	1.283956	6.510131	8.794599	0.984539	4.137205	9.263282	0.482996	-2.954093	0.993584
14.400000	6.188699	7.886729	3.943497	1.980987	-3.136466	-0.910895	0.020152	9.899260	1.236884	-2.791297	0.272045	1.803762	7.870227	7.838984	-0.617761	4.530263	8.206942	-4.033026	-0.272935	0.368195
14.500000	7.179140	8.222559	-0.318870	0.488527	-2.295538	0.148401	0.411921	9.731755	-0.563049	-1.995134	0.545165	2.895549	9.209829	4.743734	-2.161163	4.725694	6.722261	-5.024391	3.270433	2.979168
14.600000	7.994463	2.442329	-3.071916	2.555751	-0.852584	0.975729	1.747366	9.391435	-1.638641	-0.031508	0.839157	4.039835	9.602670	-0.260713	-2.228659	4.149133	5.890538	-4.124838	4.081894	8.134251
14.700000	3.012253	-4.219603	-1.850053	2.799352	1.064551	1.680988	3.469721	8.457967	-2.023635	2.092208	2.245067	5.442990	7.587735	-4.484128	-0.030744	3.630377	5.286767	-3.045563	2.980881	11.463616
14.800000	-3.415624	-2.183145	-1.989785	2.323411	2.688117	2.639415	5.051864	6.705412	-2.085070	3.467519	5.043929	6.344193	2.424954	-5.848343	1.202420	4.924026	4.064922	-2.811728	1.585232	11.700304
14.900000	-2.306459	3.209174	-0.633010	2.435775	4.295710	4.273694	5.896963	3.900637	-2.074975	3.667201	7.951059	3.675230	-3.080880	-4.219386	-1.051315	5.470732	2.811040	-3.215544	-0.118163	11.303569
15.000000	3.711560	3.119198	0.936287	3.047602	5.922998	5.960043	4.604910	0.631835	-1.560715	2.963931	8.902246	-1.611979	-3.104409	-2.003375	-2.645978	4.656537	2.639659	-3.702022	-2.062690	10.468052
15.100000	7.700052	-0.899080	1.447529	4.183298	7.794520	5.598456	0.834935	-0.593216	-0.664308	2.534733	8.325033	-3.867111	0.961149	-1.008320	-2.416155	3.956650	2.601345	-4.375778	-3.558447	7.401387
15.200000	8.616435	-2.396862	2.656050	6.633489	8.499459	1.051636	-1.413597	0.387667	0.155506	2.855529	7.523578	-2.573297	4.354397	0.249124	-1.480388	3.824327	2.135489	-4.917626	-3.625295	2.848368
15.300000	8.693667	0.334028	3.313025	9.132766	4.616883	-4.054736	0.403763	1.063221	1.187622	3.767384	6.948810	-0.274848	5.598387	1.161941	-0.656330	4.134249	1.242127	-4.805968	-2.151348	-0.487350
15.400000	8.244268	4.855755	3.927506	8.490275	-2.048128	-3.855827	0.940590	2.315359	2.407047	5.026622	6.594780	1.329039	5.519211	1.325157	0.025830	4.528762	0.201959	-3.959719	-0.421908	-1.198319
15.500000	7.773573	8.671236	3.303504	4.469566	-4.969713	-0.491117	0.345701	3.146762	4.350065	6.408937	5.797468	1.711752	5.007401	1.352879	0.729134	4.812401	-0.696757	-2.691304	0.567142	-0.160852
15.600000	8.311714	9.288709	-0.523641	2.774141	-4.072359	1.371923	1.563478	4.032896	6.757552	7.136699	3.370638	1.423395	4.827161	1.783436	1.436966	4.860905	-1.269831	-1.266004	1.008426	1.393917
15.700000	9.609842	5.280986	-3.354657	5.363208	-1.245767	2.388395	3.587745	5.875999	8.555166	4.754189	0.099807	1.788730	5.232165	2.493283	2.026018	4.583217	-1.418827	0.092710	1.516251	3.162735
15.800000	9.308986	-1.500233	-2.981316	5.967468	3.105461	2.864573	5.598981	8.425737	6.546097	-0.730536	-0.377273	2.212378	6.151565	3.107518	2.241957	4.068308	-1.133461	1.158366	2.516071	5.331600
15.900000	4.398529	-6.409400	-1.208121	4.527846	6.239196	3.985438	7.048448	8.212987	-0.462303	-2.514546	0.455761	2.946333	7.086986	3.326619	1.926558	3.628680	-0.460701	1.878288	4.130464	7.313775
16.000000	-3.181021	-5.372595	-2.335984	2.864506	8.831380	6.635828	6.074386	2.809667	-4.308026	-0.143939	0.476305	3.774096	8.028721	2.521695	1.377954	3.586318	0.544762	2.495918	6.004918	6.428136
16.100000	-6.009431	-0.655591	-3.141360	-0.226935	10.003305	8.421242	-0.510618	-0.095067	-3.467966	0.568521	1.491401	4.909404	8.303343	0.677948	1.308867	3.963730	1.857363	3.369662	6.979151	1.451184
16.200000	-4.027272	0.911142	-1.930929	-1.649637	8.791751	6.275166	-5.371385	3.953371	-1.480998	1.141700	2.761574	6.593510	6.817647	-1.613314	2.078362	4.879366	3.389109	4.333247	5.586806	-3.558824
16.300000	-1.547624	0.821497	-0.892264	-1.681389	7.712781	3.479441	-5.333814	6.484832	3.202550	1.614832	4.181628	7.854008	2.751099	-2.989230	2.407609	6.701186	4.895610	3.909511	2.206695	-5.125905
16.400000	-0.598028	1.124306	-0.068906	-1.036729	7.359688	1.476443	-4.354866	5.282168	7.376133	1.534745	4.895540	7.258348	-2.133812	-1.993106	1.089346	8.242380	5.717005	0.873274	0.308752	-4.243297
16.500000	0.037421	1.678274	0.687376	0.017285	7.401887	-0.219062	-3.321626	2.623168	9.684054	2.964611	4.636825	4.726588	-4.398498	0.714803	1.114223	8.709390	4.521303	-2.341842	1.770701	-2.966760
16.600000	0.948180	2.433781	1.434711	1.330167	7.320297	-1.679263	-1.634399	0.477555	10.440804	5.562402	2.054768	2.159887	-3.930865	1.844170	3.644193	8.813381	0.499793	-2.924218	3.644115	-0.962610
16.700000	1.632620	3.183815	2.273143	2.709700	6.612205	-2.427816	0.654677	0.651979	10.417804	5.414295	-1.980581	2.740145	-2.388772	1.621662	5.954884	6.921122	-4.184659	-1.120804	3.737264	1.146512
16.800000	2.202945	3.815272	3.304867	3.844941	5.092808	-2.394220	2.317724	3.337016	10.390541	0.885373	-3.264152	4.459820	0.302667	1.924774	7.111477	2.478043	-6.169478	0.212430	4.033629	2.597396
16.900000	2.749120	4.342489	4.410373	4.217286	2.999013	-1.975786	2.676515	6.654345	7.650818	-5.080316	-1.193272	4.036523	3.044703	2.984888	6.711915	-2.447729	-4.672634	-1.306980	4.089116	4.268076
17.000000	3.774878	4.532230	5.067434	3.428341	1.087779	-1.278288	2.326737	8.279663	1.034921	-7.168954	-0.142691	4.177753	5.020423	4.021075	4.074571	-4.813002	-0.631325	-2.272590	2.939843	6.378021
17.100000	5.360008	3.828735	4.630946	2.128776	0.236475	-0.414085	2.269785	7.989085	-4.641273	-3.623766	-2.558098	3.051665	7.205990	3.426811	0.484580	-4.292018	1.931250	-0.665025	2.463764	8.072294
17.200000	5.663007	1.730782	3.905110	1.632093	0.275138	0.418188	2.831486	6.689545	-5.485459	2.671563	-1.825130	1.477868	8.353502	1.715574	-1.656738	-3.104799	2.132539	1.499380	3.312815	9.465165
17.300000	2.343178	-0.094234	4.104035	2.164224	0.482123	1.209982	3.761133	5.163504	-3.465631	5.856615	1.795291	2.003413	8.420913	-0.381627	-1.428531	-2.233582	1.659895	3.395236	5.684357	10.007503
17.400000	-2.961249	0.704057	4.575400	2.890945	0.550594	1.958253	4.769521	3.825032	-1.526952	6.337285	5.363947	3.132551	7.140748	-1.882440	0.617576	-1.346184	1.452713	5.160972	8.800658	6.348657
17.500000	-3.541642	0.275781	5.441643	3.268524	0.478806	2.658133	5.682592	2.664035	-0.275058	6.259092	8.142776	3.242129	4.404629	-1.882484	2.570401	0.146133	1.824126	6.946115	8.890621	-2.294333
17.600000	0.769336	-0.184984	5.569120	4.107997	0.322033	3.273560	6.398369	1.575079	0.593079	6.576963	9.414694	1.015118	2.514637	-0.731711	3.418242	1.981788	2.903686	8.165328	3.205868	-6.938026
17.700000	0.661124	1.999257	6.101393	4.080588	0.171820	3.795429	6.838139	0.581191	1.345191	7.472596	8.252038	-1.921409	3.441731	1.258667	3.885426	3.803175	4.527202	6.812096	-3.861584	-5.207596
17.800000	-0.929480	2.307490	7.159342	3.089230	0.045624	4.243368	6.979410	-0.238885	2.003955	8.571167	4.794060	-3.359684	4.805492	4.744681	4.361303	5.016791	5.018036	2.118716	-6.400824	-1.357766
17.900000	-0.420564	2.281399	7.959480	1.967033	0.063716	4.631534	6.832621	-0.876920	2.476199	9.181592	0.252389	-3.263424	3.739028	8.519118	4.939953	4.172540	3.195308	-1.625533	-5.083508	-0.012456
18.000000	0.385388	2.844212	8.297401	0.758354	0.402139	5.072141	6.331751	-1.410145	2.742287	8.930695	-3.301959	-1.038234	1.727198	10.377086	5.280395	0.904219	1.844361	-2.254172	-3.355219	-0.061892
18.100000	1.105354	3.940725	8.052227	-0.595444	1.109582	5.772176	5.260820	-1.939209	2.819288	8.269595	-3.959772	2.213652	3.313617	10.827214	2.607971	-1.884705	2.818588	-1.613148	-1.836508	0.051253
18.200000	1.929239	5.371048	6.791988	-1.986678	1.909869	6.821977	3.291786	-2.428994	2.541814	7.966042	-2.508968	3.639998	7.701046	8.393766	-3.670830	-0.755736	3.487313	-0.531091	-0.584555	0.537029
18.300000	3.044983	6.690600	3.966482	-3.097872	2.008948	7.837587	0.576560	-2.339624	1.640146	8.186137	-0.205746	3.959842	9.860735	0.101481	-6.310498	0.313909	4.067947	0.187376	0.289671	1.237381
18.400000	4.525045	6.855270	-0.231460	-2.958484	0.707764	8.262332	-1.163421	-0.993878	0.809593	8.509742	3.021917	4.382429	7.593371	-6.507597	-1.280393	-1.904597	4.079957	1.556842	0.861559	2.069895
18.500000	6.021843	4.586234	-3.544728	-0.725107	-0.449020	8.264368	-0.365407	0.536565	1.369426	8.932541	6.012759	3.128205	3.268490	-6.489716	3.727837	0.876570	4.331330	2.961392	1.190771	2.942591
18.600000	6.568358	0.397589	-3.927659	1.058263	0.806530	8.252780	1.106415	1.011321	2.740849	9.884807	5.521911	-0.526560	2.200277	-4.534527	3.750716	5.336468	4.371703	2.667303	1.575639	3.892916
18.700000	5.199613	-3.222276	-2.042500	0.822569	2.617756	8.293139	1.200586	1.110704	4.158787	10.421100	0.771334	-2.057031	3.708544	-1.908873	3.000554	7.964742	3.854161	1.239023	2.238034	5.035541
18.800000	1.918530	-4.423342	0.006644	0.937343	3.824209	8.277891	0.311143	1.513706	5.632575	8.632077	-4.243846	-0.087573	4.087055	0.662913	3.271423	9.039214	2.232674	0.103837	2.914526	6.080473
18.900000	-1.762295	-3.222411	0.294298	1.864203	5.253251	7.506688	-0.964891	2.172909	7.051692	4.052370	-6.380470	1.638591	5.245570	2.574282	4.410756	8.657187	-0.386948	0.334732	3.464988	6.232702
19.000000	-4.008378	-0.542620	0.141485	2.575132	6.879551	5.264852	-2.348604	2.550565	7.780640	-1.750025	-5.542658	-0.596079	6.264760	5.473736	5.267112	6.022262	-2.441425	1.550432	4.574219	4.874442
19.100000	-4.435076	1.465597	1.369874	3.515055	7.756951	1.434931	-2.965877	1.923301	7.606530	-4.993941	-0.664841	-2.662491	4.387941	9.333502	4.218009	1.453062	-2.598276	1.768637	5.973528	2.060523
19.200000	-3.491391	1.459440	3.297894	5.225931	6.442815	-2.628983	-1.487044	0.685498	7.412365	-3.200620	4.085088	-0.177700	3.376412	10.759881	0.845780	-1.022050	-1.606852	1.095285	6.569668	-0.654187
19.300000	-1.582491	0.778999	4.655331	6.753665	2.032957	-4.301357	0.688403	1.149537	7.430832	0.833672	5.223945	2.937500	4.552990	9.511541	-2.597514	0.941017	-0.684007	0.986483	6.693468	-2.059574
19.400000	0.565207	1.172688	5.561151	6.110394	-3.018309	-2.761785	0.546597	2.667422	7.849859	3.725021	4.698966	4.803745	5.877496	5.666860	-3.615845	3.961898	1.342736	1.698759	6.523383	-2.201066
19.500000	2.084324	2.911452	6.327306	2.639205	-5.165817	-0.003871	0.413672	3.504628	9.127938	5.020816	3.688543	5.692795	5.579662	1.031974	-2.966207	4.528613	4.371342	2.739116	5.634164	-1.694285
19.600000	2.770179	5.187306	5.527454	-2.026756	-4.066796	0.487081	1.557513	4.826203	10.527589	4.239354	2.250862	5.906099	3.786298	-2.017936	-1.875436	3.442935	6.893053	3.624647	3.680539	-1.080931
19.700000	3.041996	6.757276	1.997137	-4.405654	-1.662364	-0.203327	2.265377	7.152027	10.513343	0.365780	1.679907	6.150087	1.657040	-2.967258	-0.982567	2.537213	8.448857	3.620644	1.080357	-0.391429
19.800000	3.554007	6.798790	-2.194261	-3.076579	-0.693403	-0.038974	2.671543	9.367505	6.605237	-4.117382	2.612378	6.878663	-0.726349	-2.223438	-0.587166	2.250835	9.253086	2.068213	-0.740890	0.394020
19.900000	4.431921	5.315496	-4.417417	0.218806	-0.292027	0.499596	3.408409	9.993680	-0.780034	-4.994035	0.995082	7.686317	-2.170062	0.022406	-0.164462	2.377728	9.439712	-0.161636	-0.665423	0.882978
20.000000	5.226219	2.901277	-4.534976	2.590846	1.365232	1.314816	4.578387	7.950984	-6.010482	-0.109705	-1.321158	7.702042	0.002215	1.739008	1.018940	3.219826	8.926206	-1.712281	0.953369	1.650764
