0.000000	8.180000	8.170000	8.170000	8.170000	8.170000	8.170000	8.170000	8.170000	8.170000	8.170000	8.170000	8.170000	8.170000	8.170000	8.170000	8.170000	8.170000	8.170000	8.170000	8.170000	8.170000	8.170000	8.170000	8.170000	8.170000	8.170000	8.170000	8.170000	8.170000	8.170000	8.170000	8.170000	8.170000	8.170000	8.170000	8.170000	8.170000	8.170000	8.170000	8.170000	8.170000	8.170000	8.170000	8.170000	8.170000	8.170000	8.170000	8.170000	8.170000	8.170000
0.100000	8.176634	8.164227	8.163602	8.172393	8.172748	8.169343	8.169233	8.170135	8.170159	8.169978	8.169974	8.170003	8.170004	8.170000	8.170000	8.170000	8.170000	8.170000	8.170000	8.170000	8.170000	8.170000	8.170000	8.170000	8.170000	8.170000	8.170000	8.170000	8.170000	8.170000	8.170000	8.170000	8.170000	8.170000	8.170000	8.170000	8.170000	8.170000	8.170000	8.170000	8.170000	8.170000	8.170000	8.170000	8.170004	8.170027	8.170165	8.170800	8.172884	8.176730
0.200000	8.163402	8.155522	8.169508	8.183759	8.173681	8.161963	8.167064	8.173416	8.171433	8.168854	8.169480	8.170318	8.170152	8.169925	8.169963	8.170016	8.170008	8.169997	8.169999	8.170000	8.170000	8.170000	8.170000	8.170000	8.170000	8.170000	8.170000	8.170000	8.170000	8.170000	8.170000	8.170000	8.170000	8.170000	8.170000	8.170000	8.170000	8.170000	8.170000	8.170000	8.170000	8.170002	8.170010	8.170048	8.170200	8.170715	8.172092	8.174721	8.177237	8.174666
0.300000	8.151193	8.167812	8.194504	8.187568	8.152783	8.148988	8.177707	8.185466	8.167859	8.161540	8.170136	8.173719	8.170225	8.168627	8.169845	8.170438	8.170066	8.169877	8.169978	8.170031	8.170006	8.169993	8.169998	8.170001	8.170000	8.170000	8.170000	8.170000	8.170000	8.170000	8.170000	8.170000	8.170000	8.170000	8.170000	8.170000	8.170000	8.170000	8.170001	8.170003	8.170014	8.170057	8.170202	8.170632	8.171691	8.173734	8.176354	8.176981	8.171062	8.158149
0.400000	8.173312	8.208283	8.201460	8.143759	8.117185	8.171491	8.219676	8.184252	8.136235	8.153109	8.187973	8.182391	8.162094	8.163037	8.172932	8.173238	8.169066	8.168706	8.170257	8.170455	8.169940	8.169856	8.170012	8.170041	8.169998	8.169989	8.170000	8.170003	8.170000	8.169999	8.170000	8.170000	8.170000	8.170000	8.170000	8.170000	8.170001	8.170004	8.170017	8.170061	8.170195	8.170563	8.171428	8.173107	8.175529	8.177291	8.174927	8.164955	8.150780	8.148344
0.500000	8.228130	8.210015	8.123957	8.075497	8.158337	8.271541	8.233669	8.098280	8.088087	8.202650	8.239893	8.162698	8.123590	8.166492	8.195545	8.175198	8.157895	8.166292	8.175038	8.171997	8.168125	8.169101	8.170631	8.170354	8.169806	8.169875	8.170055	8.170040	8.169986	8.169988	8.170003	8.170003	8.169999	8.170000	8.170002	8.170005	8.170019	8.170061	8.170185	8.170505	8.171237	8.172658	8.174847	8.177016	8.176696	8.170120	8.156100	8.142983	8.149791	8.187619
0.600000	8.206430	8.082264	8.022581	8.153765	8.349668	8.314648	8.047918	7.952447	8.187529	8.376163	8.223708	8.020022	8.090621	8.255615	8.239959	8.129108	8.122420	8.185596	8.197183	8.165404	8.156495	8.170746	8.175975	8.170190	8.167609	8.169754	8.170875	8.170143	8.169705	8.169936	8.170093	8.170025	8.169975	8.169998	8.170027	8.170063	8.170171	8.170455	8.171088	8.172316	8.174285	8.176564	8.177412	8.173507	8.161860	8.145205	8.137620	8.159544	8.212765	8.251884
0.700000	8.009536	7.961826	8.178715	8.474265	8.416374	7.955057	7.724792	8.124735	8.614052	8.418649	7.839370	7.828236	8.320360	8.485468	8.134543	7.938899	8.142908	8.310967	8.210783	8.094734	8.136665	8.205071	8.191164	8.155345	8.158622	8.175459	8.175408	8.168177	8.167681	8.170540	8.170912	8.169868	8.169689	8.170087	8.170274	8.170410	8.170931	8.172041	8.173825	8.176071	8.177583	8.175618	8.166676	8.150165	8.134453	8.139102	8.182073	8.249035	8.272454	8.178616
0.800000	7.908122	8.262422	8.666213	8.511780	7.752668	7.368946	8.022591	8.990771	8.805632	7.545401	7.225809	8.270004	9.064836	8.363455	7.469301	7.811327	8.572063	8.525145	7.961963	7.901066	8.244538	8.342990	8.153185	8.072879	8.165648	8.218704	8.177735	8.147794	8.164230	8.179268	8.173313	8.166488	8.168546	8.171651	8.171564	8.171392	8.173139	8.175720	8.177578	8.176837	8.170334	8.155607	8.136417	8.127971	8.153190	8.220944	8.292396	8.275998	8.110237	7.901198
0.900000	8.442648	8.933716	8.532013	7.332353	6.841037	7.906197	9.565620	9.397653	6.968699	6.066450	7.894497	10.061242	9.142983	6.509752	6.702441	8.802649	9.599316	7.943863	7.038990	8.013289	8.889084	8.414691	7.747368	7.948496	8.373966	8.327910	8.079153	8.075149	8.203814	8.220942	8.159499	8.145660	8.173122	8.182636	8.173045	8.170580	8.176867	8.179329	8.173346	8.159952	8.140647	8.124209	8.132047	8.185966	8.276373	8.331303	8.240721	7.984555	7.763593	7.891837
1.000000	9.246281	8.329133	6.551646	6.114031	7.788947	10.369778	10.076539	5.665444	4.043296	6.803865	11.170307	10.796897	4.615963	4.060198	8.064343	11.817494	8.771040	4.729867	6.545040	9.843077	9.900218	7.052752	6.774626	8.483529	9.147255	8.110574	7.571045	8.100289	8.491823	8.253228	8.010550	8.109046	8.244210	8.213045	8.147298	8.157418	8.186199	8.174743	8.142139	8.120275	8.120077	8.156098	8.241713	8.340961	8.343329	8.138611	7.792399	7.621284	7.959698	8.758976
1.100000	7.644887	5.293882	5.203226	7.604509	11.264630	10.418841	2.946289	1.054435	4.394168	10.741900	13.106177	1.469566	-0.806279	4.186460	12.564079	12.059772	0.138368	2.348587	8.433344	13.850863	6.941233	2.785518	6.989812	11.325710	9.497253	5.845238	6.908477	9.182613	9.174754	7.647179	7.527415	8.346137	8.555301	8.131775	7.976493	8.166472	8.248139	8.139204	8.068804	8.120049	8.220764	8.326059	8.390949	8.290341	7.943990	7.544940	7.520771	8.169663	9.233950	9.482503
1.200000	3.622384	4.172145	7.137299	11.761857	9.820260	-1.202689	-1.924751	1.187087	6.256655	13.734064	0.598098	-7.469236	0.659467	5.027462	14.765959	-0.166026	-6.524832	0.478478	12.120510	12.336523	-4.401630	2.087030	9.117354	15.081250	3.729375	1.816392	7.915161	12.817427	8.087703	4.792945	7.519610	9.974691	8.825900	7.143145	7.661231	8.588921	8.439716	7.910217	7.977668	8.354008	8.508132	8.385573	8.089314	7.644748	7.298301	7.529933	8.572630	9.825521	9.351626	6.165558
1.300000	3.122398	6.151296	11.230135	8.596881	-5.012196	-3.753676	-0.662620	1.007697	7.620572	7.959181	-10.845716	1.856953	-1.839799	3.601469	12.090634	-8.409268	3.950193	-1.832313	9.821049	5.526168	-10.967589	0.130774	13.046033	9.474469	-7.699596	2.459564	11.149143	14.420096	-0.154016	2.503695	9.549197	13.452144	5.787013	4.447295	8.477843	10.469814	8.020212	6.864815	8.221081	9.174356	8.479074	7.482376	7.145074	7.209793	7.791594	9.172822	10.303021	8.374211	3.826735	1.937610
1.400000	4.745598	9.564088	8.062932	-6.607357	-5.235362	-1.487628	-1.107680	0.742886	8.062890	-0.881289	-10.227544	4.288201	5.580756	4.668987	8.938165	-3.184127	8.786415	9.203376	5.158621	-6.119483	-8.025264	-10.013268	5.596068	3.642851	-11.712289	-3.725720	10.917220	7.534006	-9.398526	1.740296	14.196104	10.905187	-3.818935	3.942347	12.333879	12.323097	3.378553	5.375871	10.221858	10.415084	6.050469	5.528502	7.324597	8.890957	10.041403	9.938983	6.119322	1.350423	0.769685	2.172985
1.500000	7.280467	8.310445	-5.217635	-7.252670	-1.306785	-2.182849	-0.777666	0.502825	7.901314	-6.674122	-4.891452	-3.696296	6.027505	9.067103	3.483745	-0.825721	8.243625	8.638713	-8.341724	-2.688468	-1.010688	-11.224698	-1.981848	3.971233	-12.179111	-5.276968	1.380047	4.456808	-12.095298	-5.849872	10.316852	3.699015	-9.896538	-1.853860	15.239964	7.509475	-5.194242	4.648065	15.344770	7.159133	-0.342964	5.244632	11.279911	12.525615	7.045373	2.255690	0.365262	0.311995	1.431423	3.344109
1.600000	8.006341	-1.133992	-8.687149	-1.419240	-2.457093	-1.781484	-0.431712	0.687852	7.592585	-5.776045	4.069020	-3.039057	2.020056	11.011227	-0.130630	-0.187385	8.030414	1.184384	-10.445094	3.441235	0.060451	-9.232695	-5.689166	4.698518	-9.345230	1.433379	-1.080175	5.803253	-12.760953	-4.792410	0.749648	2.206939	-11.108466	-8.984113	4.362856	5.896058	-9.490411	-2.657127	16.238197	1.271328	-3.426156	2.703073	16.499683	5.631525	-5.918146	1.935560	1.185259	1.111275	2.323519	5.093941
1.700000	3.420925	-7.520953	-3.631897	-1.907977	-2.085032	-1.088153	-0.041859	1.187922	7.400037	-0.700747	7.255457	0.955604	2.104847	10.773204	-0.981425	0.788782	7.949747	-5.407985	-7.421222	1.457617	1.040625	-8.148264	-7.479882	3.515264	-3.452528	4.290845	3.485205	4.148810	-11.648346	3.292289	0.936447	2.976418	-10.852861	-2.430940	-6.212603	7.403828	-10.164440	-7.812764	8.000842	4.153075	-5.185700	-2.150370	16.120458	-4.184568	-3.904769	1.073952	3.351447	2.011465	3.386985	6.588132
1.800000	-2.972021	-6.222561	-0.998425	-1.946407	-1.309340	-0.575190	0.478851	2.021200	7.745419	4.026518	6.382957	2.221100	3.249871	9.738439	-1.443582	1.799342	7.209008	-8.096725	-0.483458	-1.091054	1.936788	-7.495214	-6.175733	-0.253356	-0.528396	4.344703	5.012348	-2.035121	-9.720699	1.327473	5.420976	-0.995516	-9.317393	4.414518	-0.663044	12.279471	-8.618355	-0.428867	1.399731	4.510681	-7.629698	-7.547757	12.823264	2.333758	0.034123	1.012781	4.102543	3.744492	4.529096	5.584791
1.900000	-5.254706	-2.813895	-1.269987	-1.348826	-0.535331	0.047600	1.123267	3.256508	8.958207	6.256590	3.339588	2.068598	4.530347	8.174084	-1.882313	2.779535	6.054723	-6.343003	4.929547	2.243268	2.180249	-7.001786	-2.167877	-2.145789	-0.858215	4.361674	3.683215	-6.245911	-4.985216	-5.132223	5.001780	-3.259976	-6.941966	0.306398	5.414188	8.904919	-6.696695	6.196827	5.566696	0.827527	-9.733639	-8.775086	-0.339905	7.838253	-1.626574	1.947582	5.337740	5.585704	4.389067	1.710177
2.000000	-4.127699	-1.139450	-1.036126	-0.632502	0.143184	0.775538	1.968905	5.089669	10.396097	3.891043	-0.113602	2.510751	6.095884	5.972585	-2.321353	3.582958	5.407747	-3.638618	5.984581	5.563631	-2.162932	-5.645605	0.230807	-1.520993	-0.925171	4.299952	1.793800	-6.461660	1.709119	-5.436832	6.014803	-1.830139	-3.786433	-2.832548	3.756116	7.028540	-3.957806	6.856348	6.846275	-7.573101	-3.246310	-5.690542	-8.897654	3.263695	3.742983	2.814093	6.709988	6.171831	1.255404	-0.789903
2.100000	-2.913249	-0.155418	-0.361496	0.125661	0.862856	1.616680	3.228684	7.536264	9.022336	-2.189583	-0.019276	2.796655	7.524486	2.774005	-2.613636	3.756955	5.699296	-1.306087	6.188769	4.576455	-6.344091	-2.039527	-0.197574	-0.562354	-0.469112	4.523169	0.263656	-5.178748	4.518400	0.172249	7.394436	-0.769159	-1.655029	-2.735532	1.474636	7.296681	0.264806	7.230986	2.374923	-8.803474	5.952805	-3.989440	-6.338101	-3.519908	3.403724	6.390634	7.062712	3.101662	-1.605837	0.324276
2.200000	-1.672264	0.838731	0.543551	0.896912	1.659998	2.684474	5.171721	8.953405	2.043308	-5.399188	1.514826	4.510708	7.468516	-0.995439	-1.925160	3.005420	6.690493	1.295262	6.288482	0.810024	-6.817304	0.770526	0.406184	0.258090	0.288015	4.860408	-0.951689	-3.875475	3.435480	5.459836	5.786859	-2.311983	0.494900	-1.823393	0.307971	7.721319	5.103688	4.826003	-3.701098	-7.432520	7.303020	-0.051045	-2.672318	-3.960255	-0.725128	7.847955	6.490997	-2.321340	-0.915904	1.485961
2.300000	-0.577682	1.618995	1.550576	1.676122	2.573335	4.219667	7.218838	5.436980	-5.259701	-2.733376	-0.768878	5.447364	5.923559	-4.112904	0.063523	2.636644	7.768177	3.870153	4.169144	-2.996351	-4.854798	0.232524	1.593529	1.033316	1.270668	5.005210	-1.930792	-2.352504	1.478860	7.460812	2.598679	-3.311847	2.686498	-0.333406	0.374657	7.933572	6.189219	-2.229273	-4.208573	-7.712170	2.736061	3.111475	-2.849786	-1.858986	-2.691607	6.290336	5.219724	-5.182229	1.463511	2.279001
2.400000	0.135791	2.256323	2.605677	2.532539	3.732705	6.109469	6.454061	-1.953612	-5.498092	-0.107228	-1.010121	5.045063	4.358999	-5.036035	1.608800	4.399968	8.723200	3.196136	0.101974	-3.516967	-2.784488	-0.915329	2.016166	2.117092	2.365156	4.633684	-2.476432	-0.513792	0.778934	7.801081	0.130592	-2.765355	3.402234	1.675405	1.422740	8.210060	2.343493	-5.402804	1.874412	-6.792311	-0.274727	3.967101	-2.224169	0.692100	-2.098110	5.201124	3.986453	-5.378342	2.870885	4.005022
2.500000	0.760170	2.741703	3.771015	3.663178	5.150819	6.632392	1.182542	-5.139670	-2.614674	-0.549422	-0.372410	5.103388	2.622330	-4.929223	1.181334	6.798397	8.253864	-1.494707	-0.240901	-2.256095	-1.599610	-1.074136	2.098050	3.480108	3.449850	3.474006	-2.488662	1.019086	1.799035	7.688784	-1.546860	-1.399997	3.194440	3.692509	3.265438	7.457420	-2.616814	-4.169499	4.921047	-3.615324	0.316412	4.322640	-0.593509	2.136196	-0.181190	5.246747	2.448920	-4.804546	2.544376	5.895687
2.600000	2.170493	2.974670	5.031394	5.249050	5.791507	3.597378	-3.261316	-2.989520	-1.847007	-0.537472	0.024030	5.351796	0.885489	-4.462797	-0.632291	7.322701	5.701192	-4.522491	3.233056	-0.812410	-0.347285	-0.555347	2.255634	4.886287	4.030150	1.553329	-2.053976	1.668325	3.703473	6.741607	-2.881951	0.378722	3.381473	5.550962	4.857407	3.815119	-5.773194	-2.647823	4.539114	-0.613207	1.140537	4.842428	0.973717	2.650175	1.805330	5.397431	0.292723	-4.012894	0.908112	7.094064
2.700000	4.834178	2.959853	6.058839	6.555117	3.556799	-0.425015	-3.203498	-0.896157	-1.428448	-0.042964	0.586544	5.621660	-0.631543	-3.292759	-2.317902	6.168394	3.944461	-4.348801	5.494044	2.074522	0.168602	0.272011	2.751785	6.124044	3.359490	-0.427226	-1.192986	1.672487	5.321881	4.664144	-3.722672	1.647835	4.903140	7.055157	3.389784	-0.966526	-5.328386	-3.098237	3.200684	1.785770	1.913832	5.299119	2.252393	2.798908	3.319627	4.734863	-1.856437	-2.408794	-0.896748	7.134845
2.800000	7.868010	3.173908	6.246760	5.786542	-0.416464	-0.938453	-1.955649	-0.015028	-0.629515	0.597836	1.483127	5.711585	-1.596017	-1.255865	-2.784899	4.816204	3.784882	-3.039066	5.882686	4.582447	-0.751051	1.040695	3.704558	6.813671	1.205452	-1.244370	-0.256527	1.852121	6.240422	1.884455	-3.886049	1.272468	6.905114	6.783375	-1.331050	-1.352176	-3.338992	-3.633005	1.321515	3.667781	3.394361	5.523970	2.950384	2.893371	4.131678	3.132772	-2.839172	-0.190909	-1.152943	6.355377
2.900000	10.134826	3.282308	4.990846	3.364077	-2.196840	0.785523	-0.973892	0.767609	0.293547	1.294436	2.631190	5.407911	-1.813015	0.981206	-1.805882	4.185228	4.269456	-1.418803	5.866386	5.368629	-2.059497	1.805881	5.240727	6.213187	-1.497477	-0.256974	0.376392	2.501251	6.472011	-0.983836	-2.919855	-0.373673	7.478336	4.390141	-4.290883	1.966555	-2.137951	-2.619211	-0.140995	4.447886	5.806711	5.198492	2.628791	3.076703	4.315222	1.279504	-2.556100	1.323222	0.299474	6.125553
3.000000	10.591418	1.134011	3.444935	2.017545	-1.861017	2.067881	0.366968	1.490638	1.260194	2.109564	3.834631	4.619073	-1.522331	2.620473	0.197933	4.332068	4.752354	0.241595	6.039422	4.504158	-2.965629	2.123691	6.997280	3.706773	-3.235853	1.505587	1.505556	3.473934	5.775630	-2.915358	-0.445931	-1.098358	7.133401	2.280662	-4.354369	4.477604	-0.274462	-1.176810	-0.382931	4.491041	8.158247	3.841352	1.508057	3.480432	4.178968	-0.250709	-1.658967	1.820878	2.421189	7.475017
3.100000	6.615089	-2.482993	4.287375	2.387171	-1.151822	2.788825	1.875125	2.049886	2.165889	3.112335	4.793855	3.334074	-1.073207	3.478456	2.709068	4.923852	4.878473	1.684485	6.087591	2.412427	-3.309355	1.444022	8.043134	0.339881	-3.204153	1.975481	3.484577	4.585561	3.774791	-3.344464	1.990329	0.677499	7.152473	0.442820	-3.461998	5.044039	1.970269	-0.715800	0.128541	4.707397	9.359062	1.303885	0.872742	4.061137	3.868222	-1.324486	-0.557185	1.989483	4.745771	9.911482
3.200000	-2.049665	-2.755303	4.413755	3.869289	-0.713348	3.342119	3.413154	2.510013	2.961885	4.260876	5.063714	1.650054	-0.510983	3.825241	5.357428	5.583164	4.245364	2.568185	5.546722	-0.004301	-2.763654	0.004901	8.246439	-1.426120	-1.628383	1.384922	5.120511	5.130795	0.653771	-2.778400	2.606922	3.750554	6.465153	-2.173651	-2.182881	4.393002	3.476415	-1.019519	0.716446	5.454270	8.943497	-1.491804	1.611718	4.865356	3.083566	-1.916591	0.472339	2.593965	7.245953	9.625484
3.300000	-7.238035	-0.574193	3.524949	4.694026	0.033677	3.811822	4.924438	2.939244	3.613595	5.254719	4.194668	0.051165	0.242950	4.185835	7.813412	5.461552	2.542772	2.929305	4.646660	-1.569440	-1.234884	-0.978074	8.195825	-0.593874	0.075773	1.578953	6.131707	4.159781	-2.216913	-1.529286	1.967505	5.836575	3.901728	-4.399399	-0.817094	3.786417	4.039716	-1.254825	1.184326	6.549855	6.831703	-3.426648	2.790417	6.221231	1.322757	-1.966104	1.024470	3.926669	9.022435	2.618785
3.400000	-3.819690	-2.594539	2.526051	5.594614	1.230738	4.259032	6.215281	3.334137	4.010285	5.579998	2.334612	-0.713610	0.927041	5.117114	9.523600	3.103627	0.685112	3.371026	3.971798	-2.047144	0.569976	-0.390783	8.141741	1.243545	0.650692	2.473078	6.768995	1.465381	-3.269457	-0.323148	1.825032	6.580424	0.409017	-4.592567	-0.677374	3.692710	4.193741	-1.291259	1.488343	7.523421	3.358806	-4.357795	2.591713	7.527066	-0.960024	-1.048244	1.036402	5.345248	7.485795	-5.776623
3.500000	2.704420	-1.732427	1.412108	6.665413	3.499041	4.725795	6.886792	3.498267	3.984666	5.021852	0.504774	-0.423909	1.352327	6.529253	9.227307	-1.238597	0.830044	3.975503	3.483561	-1.914137	1.901546	1.683396	8.157448	1.919691	0.500800	3.300734	6.676742	-1.616522	-2.087948	-0.076896	2.306271	6.516477	-2.473814	-2.502895	-1.451840	3.302213	4.512041	-1.183953	1.709906	7.973697	-0.551636	-3.873736	0.484803	8.045147	-1.408988	0.739480	1.631324	6.217832	2.808501	-7.698005
3.600000	3.261172	2.142928	2.154186	7.530902	6.092529	4.847397	6.340366	3.291096	3.674888	4.057767	-0.438926	0.397865	2.001206	7.875848	5.827414	-4.480351	2.338915	5.361324	2.429664	-1.614606	2.501911	4.420120	7.859330	0.560731	0.636126	4.000340	5.706552	-3.374807	0.440629	0.335084	2.882164	5.879105	-3.499711	0.802505	-1.012928	3.015261	4.966392	-0.857133	2.009674	7.807852	-3.096514	-1.036936	-1.232172	7.936500	0.972394	1.670421	3.080464	6.065809	-2.312714	-6.253068
3.700000	0.271278	4.099536	4.815487	8.667222	7.052471	3.578073	5.032312	3.313951	3.463757	3.165095	-0.563363	1.188014	3.275440	8.380212	0.081540	-4.961102	1.318782	6.972598	0.863441	-1.229104	2.487228	6.841497	6.098731	-1.874985	1.472133	4.947057	3.979883	-3.624198	2.453381	2.133689	3.744604	4.690959	-2.983516	3.199760	1.195895	3.465232	5.065828	-0.467643	2.439375	7.287830	-3.054779	2.397895	0.510855	7.848458	3.329693	1.369116	4.015580	4.234838	-5.624929	-3.436783
3.800000	-0.693131	4.078325	8.982829	9.433188	3.244434	1.678070	4.803142	4.159929	3.190536	2.332337	-0.219264	1.805055	4.903520	6.651246	-4.840273	-1.663870	-1.257181	7.098456	1.020170	-0.670418	2.423013	8.200447	2.497994	-3.350163	1.736631	6.174117	1.622437	-3.234461	2.805407	4.718084	4.430165	2.659417	-2.078088	3.966034	4.098466	4.141818	4.266021	-0.160546	2.918275	6.861452	-1.523386	4.013725	4.498182	7.795895	2.741071	0.860210	4.382397	1.748434	-6.060160	-0.350801
3.900000	0.561164	4.348913	11.984434	4.889854	-2.834237	2.033404	5.937531	5.039902	2.185556	1.685375	0.449606	2.453803	6.123637	2.620514	-5.947509	2.243188	0.373684	7.081084	1.894146	-0.504447	2.610066	8.420225	-1.475036	-2.487179	0.539869	6.810766	-0.260111	-2.345514	1.922565	6.707796	4.173915	0.072425	-1.166850	3.769162	6.675166	4.227815	2.427496	0.270757	3.435130	6.777818	0.115987	4.480917	7.995382	5.871504	-0.372166	1.200777	4.688795	-0.451275	-4.954769	0.883633
4.000000	1.975789	6.102358	10.922320	-4.215466	-1.949141	0.701355	7.389632	5.134877	0.252560	1.789458	1.448943	3.400135	6.107078	-1.823309	-4.701312	1.853069	3.965220	6.955601	0.652283	-0.281474	2.860164	7.797578	-3.484359	0.578918	0.380891	6.955060	-0.718519	-1.044813	1.268088	7.620421	2.801083	-1.850902	-0.306406	3.629909	8.356944	2.939554	0.518196	1.002944	4.224660	6.990137	1.485279	5.000651	9.176678	0.839378	-1.972861	1.598967	5.032339	-2.211773	-3.151865	0.563385
4.100000	2.892576	8.028259	4.328046	-7.918498	3.083025	2.861192	7.785564	4.051417	-1.500834	2.539159	3.065353	4.474079	4.131281	-4.602644	-1.987082	-0.124351	5.148484	6.490954	-1.592964	0.681046	3.488123	6.765429	-3.134221	3.181604	3.115952	6.564952	-1.146009	0.280800	1.624234	7.938563	0.676136	-2.217356	0.071789	4.002356	8.962435	0.373176	0.054103	1.706278	5.528233	7.402451	2.428015	5.517831	7.182108	-3.658156	0.042909	1.546290	5.117278	-2.924961	-0.864288	0.334110
4.200000	3.897595	7.783561	-3.723592	-6.253371	0.073835	6.606951	7.594002	-0.671315	-1.482612	2.702889	5.203959	4.615052	0.501739	-4.655780	0.177354	-0.017700	5.270674	5.600112	-2.941402	1.802784	4.966631	5.319968	-2.314819	3.988520	6.483202	4.125396	-2.300841	1.527208	3.122153	7.605836	-1.568909	-0.876770	0.120224	4.478802	8.483549	-1.931483	1.364292	2.787935	7.207130	7.663116	2.321028	5.249482	3.667567	-4.749021	2.086085	3.310378	4.470564	-2.834182	1.154095	1.224822
4.300000	5.132010	4.195768	-7.380298	-0.111277	-2.822863	4.881383	7.189372	-4.328948	0.701540	2.903201	6.577442	2.736381	-2.398065	-3.100229	0.351314	1.099130	5.761332	3.852113	-3.456087	2.054401	6.730501	3.241254	-2.090823	3.730555	8.212842	-0.099926	-2.368507	1.639131	5.137079	5.964352	-3.189302	1.457316	1.135207	5.156215	7.070267	-2.900154	2.893072	5.586836	9.069633	5.748656	0.772122	4.809822	1.199042	-4.148910	1.755930	5.392333	2.778275	-2.698311	2.227928	3.145669
4.400000	4.990901	-1.141808	-6.501983	2.745302	0.284029	4.422859	5.903610	-4.834610	2.598952	5.381488	6.289124	-0.921015	-2.262869	-1.838724	0.159906	1.952910	6.329838	1.341527	-3.420880	1.066372	7.764619	1.157071	-1.888405	2.959244	8.283669	-3.080715	-0.128906	1.324110	6.242481	3.474757	-3.671373	2.855571	3.854398	6.137983	4.178352	-3.262237	2.844301	9.419018	8.659107	-0.441315	0.257291	5.049014	0.026808	-3.156937	0.500174	6.280892	1.235878	-2.318971	2.235472	5.334034
4.500000	2.246856	-4.464407	-4.560685	0.724149	2.921423	5.240891	3.121998	-4.542119	2.142784	7.998464	3.065828	-3.713590	0.199100	-1.108658	0.429686	2.737649	6.426003	-1.257458	-2.273676	-0.462715	7.918274	0.434291	-1.249255	2.336274	7.857984	-3.010589	2.530494	3.194527	6.479130	0.476920	-3.244342	2.237204	6.759742	5.809023	-0.497527	-2.866146	0.731545	11.094876	3.284802	-5.331597	1.065239	5.601094	-0.870998	-1.846835	-0.403249	6.468209	0.687126	-1.682288	1.806441	6.726791
4.600000	-1.232067	-3.713374	-2.998891	-1.227391	3.074420	6.033782	-0.415358	-3.823616	-0.170847	8.635655	-0.332234	-3.410630	1.550564	0.228865	1.065928	3.702915	5.677587	-2.884021	0.155235	-0.665753	7.815762	1.029017	-0.721721	2.254818	7.626125	-1.217012	3.730591	6.083112	4.522770	-2.736481	-1.661352	0.746889	7.929339	3.230327	-3.815963	-0.687672	-0.880583	10.840954	-1.534097	-4.545191	-0.928376	5.951566	-0.710494	-0.314628	-0.334008	6.550427	0.841749	-1.085136	1.598810	7.153464
4.700000	-2.917198	-0.495575	-2.062796	-1.524296	2.322244	6.175198	-2.773049	-1.373302	-2.015286	8.385914	-0.601001	-1.840221	1.783066	1.643000	1.981837	4.671507	4.049022	-3.187964	2.284501	1.582102	7.806082	1.041017	-0.485207	2.446996	7.779767	0.871667	4.180944	7.203203	0.041865	-3.415849	-0.169866	0.617090	8.081590	0.157223	-3.922351	0.955701	0.416822	10.665923	-2.803815	-0.399710	-2.039293	5.721926	1.195516	0.408371	0.557265	6.706770	0.945012	-0.642238	1.721271	7.023535
4.800000	-2.349928	2.551801	-0.909345	-0.768436	2.011925	6.011371	-2.802264	1.726888	-0.761487	8.385883	0.533440	-0.890217	2.109452	2.980012	3.242634	5.120751	1.785157	-2.750202	2.767191	4.885403	7.026198	-0.759705	0.202097	2.851989	8.345381	2.842837	4.273707	5.715676	-3.429382	-1.115985	0.037842	1.297226	7.976992	-2.168501	-2.015223	0.939652	2.455854	9.964285	-1.729746	3.035121	0.096562	5.861766	2.687376	0.218019	1.444433	6.893013	0.692436	-0.197425	2.091553	6.709340
4.900000	-0.672976	4.102203	0.348502	0.101869	2.406903	5.835599	-1.450215	3.402657	2.778846	8.098308	0.019811	-0.302064	2.505281	4.477658	4.578988	4.194409	-0.469155	-1.846166	2.077976	7.140373	4.538105	-2.895323	1.345331	4.210043	9.186785	3.679139	3.199394	3.273163	-3.930722	1.251048	0.944755	2.214580	7.476474	-2.942391	0.681895	1.311961	3.972387	9.202448	-0.270125	4.277425	3.334749	5.844074	2.252173	-0.060053	2.101667	7.088046	0.267211	0.387163	2.721128	6.486407
5.000000	0.876965	4.411747	1.206222	0.750270	3.160570	5.762361	-0.005092	3.976098	6.091481	5.957665	-2.130754	0.891562	3.237881	6.070635	4.953533	1.567003	-1.410608	-0.783472	1.600690	7.949949	1.151739	-3.490702	1.174986	6.333412	9.761891	1.442676	1.835430	2.263390	-2.940949	2.193836	2.744187	3.634219	6.244267	-2.617484	2.675137	3.300296	5.769003	8.117666	0.239340	4.626771	6.031423	4.606470	0.433549	0.310837	2.721282	7.187667	-0.110651	1.099805	3.693726	6.478010
5.100000	1.528975	4.147128	1.767184	1.363649	4.066020	5.833903	1.101247	4.456917	7.549398	1.421213	-3.172591	1.461429	4.940334	7.289314	2.736009	-0.852837	-0.634715	-0.071814	1.873588	7.963261	-1.702736	-2.063036	-0.154762	7.110791	8.940977	-2.244374	2.754829	2.495417	-1.828734	2.451591	4.767838	5.021071	3.835059	-2.203837	3.278506	6.474349	7.597895	4.955363	-0.241274	4.944706	7.667730	1.551952	-0.711719	1.021005	3.729238	6.975941	-0.481817	1.843817	5.082588	6.565177
5.200000	0.970920	3.969958	2.525049	2.129241	5.078072	5.962751	1.867107	4.991024	6.463886	-2.942682	-1.527824	0.559239	6.225096	7.137508	-1.396797	-0.490963	0.250244	0.672666	2.681612	7.380418	-2.903991	0.779707	0.067925	6.988177	6.896436	-3.729755	4.747523	3.697865	-1.263291	2.613676	6.702380	5.043684	0.412101	-1.638630	2.663739	9.398858	6.844709	-0.717110	0.000935	5.128698	7.701583	-1.862108	0.286872	1.570931	5.000393	6.234735	-1.040089	2.483431	6.878022	6.220465
5.300000	-0.309660	4.263660	3.961624	3.166902	6.053684	5.873386	2.192692	5.119878	3.682825	-4.495590	1.039658	1.181951	6.784200	4.998279	-3.984486	1.808001	1.320922	1.550941	3.836670	6.223681	-2.656194	2.998212	2.779354	7.386143	3.588378	-3.599462	5.370534	5.320376	-1.462343	2.769426	8.205297	2.615119	-2.130411	-0.566136	2.042084	10.551277	1.984583	-4.141741	0.408843	5.765658	6.046124	-3.631491	2.282374	3.327304	6.151172	4.432365	-1.688083	2.691534	8.742838	4.655290
5.400000	-1.089913	4.474736	6.316673	4.568902	6.384678	5.060640	2.045506	4.746318	1.042661	-4.044639	1.707511	3.546656	7.152947	0.876446	-4.162701	2.680631	3.469964	2.610747	4.816279	4.559433	-2.095422	3.688088	6.404318	6.283163	-1.275475	-2.719455	4.219639	6.347445	-1.706631	2.864552	8.841990	-0.985901	-1.786905	-0.016623	2.361908	10.186333	-3.107999	-2.082803	-1.029909	5.794420	4.233087	-4.019275	2.885511	6.482025	6.203734	0.725345	-1.733029	2.047738	9.903951	2.092937
5.500000	-0.747547	4.198194	9.110799	5.934361	4.763951	3.550628	2.091780	4.268501	-0.646644	-2.909222	0.871818	5.301224	5.983403	-3.511676	-2.332264	1.373580	5.273103	4.364942	4.765429	2.443298	-1.558767	3.399228	8.608413	1.489509	-4.143238	-1.558394	2.738586	6.719239	-1.055239	3.060208	8.561100	-2.991135	0.957720	0.590562	3.082809	8.909871	-4.126945	2.811532	0.295847	5.730122	2.849265	-3.957358	1.784856	8.769906	3.577813	-2.868931	-0.426833	1.441112	10.091038	0.141543
5.600000	0.353636	4.369199	11.400626	4.873038	1.156758	3.006628	2.956436	3.631107	-1.571172	-1.461823	0.160107	5.893024	3.398336	-5.415732	0.288047	1.137922	6.182872	6.302924	2.782286	0.530545	-0.757116	3.042341	8.576941	-3.311234	-1.793362	-1.643335	1.731939	7.103381	0.521617	3.491453	7.702267	-2.636931	3.504584	2.829590	4.347053	7.098506	-2.509102	5.187488	4.674206	5.133747	0.015248	-3.481436	-0.336271	9.184762	0.417979	-3.399274	0.400762	2.224478	9.799517	-0.978701
5.700000	1.663691	6.035759	11.683361	-0.437716	-0.175645	3.435760	4.357248	2.300138	-1.909598	-0.065028	0.389397	6.151333	0.654474	-5.105175	1.076430	2.845797	7.366952	5.881825	-0.591628	0.535784	0.158074	3.303820	7.409360	-4.210213	2.736283	-0.385642	1.522201	7.614097	2.792899	3.864031	6.455509	-1.338004	4.498627	6.056096	5.305285	4.247307	-1.229246	5.412603	7.668085	1.227702	-2.127146	-1.791958	-2.133353	8.782494	-0.101400	-2.231854	0.385922	3.261844	9.170876	-1.682925
5.800000	2.515870	8.637236	7.356976	-5.636520	2.312552	4.782002	4.788059	0.298318	-1.498350	0.802820	1.454675	6.227728	-1.753870	-3.491919	0.037212	4.086765	8.611721	1.940860	-2.446946	1.743274	1.565722	4.156616	5.959320	-2.725693	5.193230	2.607187	2.485437	8.169569	4.654718	3.446711	5.022993	0.049604	4.783123	8.690879	3.924369	0.812610	-0.260089	5.322923	7.490644	-3.163718	-0.182740	-0.621312	-2.240947	8.378097	1.080071	-1.590996	0.558940	4.181655	8.244008	-2.049928
5.900000	2.634519	9.985256	-0.822596	-6.430656	0.981693	7.362629	3.293113	-1.754771	-0.377069	1.267361	2.778269	5.648430	-3.272262	-0.780631	-0.554097	4.080341	8.532405	-2.564133	-1.120670	1.845986	3.392645	5.281687	4.163947	-1.284713	5.685486	5.889997	4.149684	8.303345	4.616180	2.150895	4.244256	1.790682	5.512301	9.136644	-0.131207	-0.193790	0.500561	5.685092	5.327289	-4.540351	3.139215	0.615890	-1.331524	8.064946	1.907072	-1.791012	0.797518	5.166855	6.911522	-2.547039
6.000000	2.069472	9.575941	-6.011287	-0.633307	-2.443148	6.832905	2.940989	-2.788045	0.724176	2.054172	4.012695	4.213164	-3.539668	1.747458	0.720201	4.385857	7.032614	-4.418909	1.774087	2.800086	4.912414	5.869247	1.846281	-0.382222	5.613053	9.281478	5.857367	6.291293	2.559338	1.555266	4.485101	4.211945	6.715505	6.064068	-3.433783	1.814268	1.848047	6.186763	2.535112	-4.056330	4.585260	2.804583	0.176227	8.035556	1.463375	-2.078507	0.775774	6.072585	5.004892	-3.353789
6.100000	0.687357	9.196633	-3.398630	5.370143	1.743873	6.730663	1.998651	-3.203098	1.424978	3.469084	4.892636	1.981345	-3.057167	2.746072	3.301579	5.284983	4.140130	-4.424996	3.001351	5.856835	6.206977	4.113046	-0.335872	0.424585	5.921829	12.136833	4.230963	1.802981	1.610626	2.303987	5.514612	6.801189	5.800302	0.392679	-3.687747	2.383333	4.699183	5.797558	-0.918667	-3.021296	3.870207	5.289235	2.318439	7.589186	-0.242013	-1.575764	0.444084	6.617556	2.661051	-4.021368
6.200000	-1.521995	8.837929	3.202437	5.950422	5.755401	4.459680	-1.332060	-2.301878	1.024326	4.894486	4.904204	-0.687951	-2.120151	2.301962	5.758251	5.256970	-0.011418	-3.770519	1.431098	8.476876	6.023726	-0.325009	-0.594372	0.857950	6.993718	12.027467	-1.932340	1.145806	2.354358	3.882379	7.315380	7.036870	0.576278	-2.235699	-2.400549	0.930584	6.317414	3.750989	-3.736474	-1.548602	2.401804	7.303750	4.910596	4.887288	-2.177425	0.051057	0.593729	6.852552	0.329046	-3.809807
6.300000	-3.078461	6.458541	9.492803	4.586921	4.050356	1.096150	-2.198331	-0.968577	0.616171	5.647588	3.901993	-2.723673	-0.713099	1.763064	7.084511	3.152801	-3.155205	-1.906869	-0.809188	8.661412	4.170938	-3.730723	1.025012	1.786462	8.192028	7.701824	-5.679704	4.224902	5.487522	5.977144	7.865681	2.086558	-3.078152	-0.261256	-1.626689	0.100697	6.695415	1.263912	-4.374089	-0.462295	1.894533	8.631771	5.392860	-0.260169	-2.272572	1.080249	1.945915	6.776149	-1.696572	-1.983450
6.400000	-2.377263	3.375738	12.350054	2.325454	0.975297	0.503681	-1.390408	-0.118403	0.953203	6.128833	2.099164	-3.418959	0.448727	2.326542	7.455883	-0.163326	-3.289061	-0.101270	-0.959927	8.217702	1.935289	-4.612574	1.696159	4.308302	8.755727	0.248389	-6.084163	2.175546	10.428458	7.327462	2.002045	-2.297738	-1.938146	0.716996	-0.606469	0.181671	6.843795	-0.673130	-3.324265	-0.287214	2.098846	9.381371	2.000725	-3.430032	-0.763507	1.105993	3.362882	6.018983	-2.711791	1.045003
6.500000	-0.177140	2.499231	12.627979	0.138639	0.332465	1.132726	-0.486144	0.623042	1.816597	6.398636	-0.072167	-2.856663	0.608952	3.491380	6.851845	-2.973481	-1.090648	0.476569	0.147695	8.168301	-0.519171	-3.831882	0.403516	6.036378	6.259872	-6.253138	-1.756140	-2.888715	9.654865	6.093200	-5.249182	0.250708	-1.233211	1.215088	0.413760	0.888241	6.902279	-1.709097	-1.354257	-0.250487	2.339445	9.269749	-2.166338	-2.113464	-0.313115	1.487351	4.524471	4.730272	-2.504248	3.443504
6.600000	2.661665	3.936282	11.575038	-1.545410	1.826481	1.897302	0.335775	1.339736	3.011353	6.064823	-1.985460	-1.197953	0.361142	4.303583	5.422473	-4.049417	1.629512	1.406614	1.517013	7.948576	-2.424244	-1.402060	-0.815723	6.073215	2.564518	-7.029226	3.403728	0.074185	8.648296	2.552051	-6.954594	3.814398	1.546295	1.828392	1.370480	2.033837	6.631018	-1.876994	0.744640	0.451573	2.908825	8.366843	-3.623973	1.549846	0.419486	2.067242	5.533803	3.161323	-1.858552	4.484135
6.700000	6.129595	6.495848	7.860440	-2.793196	3.960124	3.316164	0.765300	2.053971	4.284292	4.749382	-3.002913	0.883356	1.048638	4.914359	3.670656	-3.810718	3.069000	3.585893	3.247287	6.747422	-2.982368	1.636961	0.212078	6.181301	-0.357644	-5.825180	2.648785	5.683797	7.047572	-4.210951	-5.113819	1.870069	4.752216	1.980600	1.891698	3.317356	5.901562	-1.576299	2.307516	1.985792	4.044527	6.874554	-2.820235	4.130315	2.843782	3.015667	5.928806	1.398208	-1.168788	4.561065
6.800000	9.580463	6.380923	0.705075	-2.818827	4.362111	5.323535	0.640595	2.671460	5.313637	2.541670	-3.075551	2.081751	3.000533	5.350207	1.394234	-3.177454	2.786429	6.229087	4.769326	3.815091	-2.666601	3.297629	3.197909	5.553952	-3.250293	-3.535416	-0.649335	6.970461	2.468442	-7.543714	-1.120517	-0.789695	5.245290	3.480051	2.177810	4.310999	4.857531	-1.193571	3.180462	4.201671	5.256761	4.600050	-1.805036	4.863759	5.882118	3.838972	4.835710	-0.189646	-0.346345	4.400392
6.900000	10.938289	0.088185	-2.911437	-1.945160	3.037082	6.660740	0.923255	3.160967	5.728573	0.026839	-2.411359	1.924826	5.081214	4.763749	-1.296089	-2.085788	1.493998	7.987715	4.772633	-0.270042	-1.896285	3.165843	5.736247	2.450833	-4.728989	-0.189678	-1.666801	6.790912	-0.729838	-6.542009	0.622476	0.093805	5.309758	5.339045	2.450804	4.631284	3.746722	-0.765594	3.557373	6.654698	5.263963	1.384945	-1.033140	4.640048	8.466811	3.392626	2.349085	-0.697189	0.402212	4.831002
7.000000	8.691076	-5.323345	1.580356	-1.382114	2.079675	7.578245	2.206165	3.389844	5.154025	-1.869776	-1.022873	1.418760	6.266470	2.915904	-3.019847	-0.498251	0.858794	8.539725	2.755380	-3.053441	-0.785743	2.649766	6.476538	-1.318940	-3.766270	1.220737	0.078284	7.093503	-2.831004	-3.978526	0.067830	1.318185	6.016041	6.497254	2.364335	4.331950	2.897316	-0.180877	3.806419	8.430319	2.733656	-1.248446	-0.210445	4.469955	9.699234	1.064499	0.768485	-0.101430	0.986002	5.829594
7.100000	4.321115	-5.605377	5.552006	2.614601	2.695718	8.169312	3.471606	2.873124	3.863447	-2.409133	0.482598	1.884569	6.717162	0.484355	-3.009811	0.484939	1.660646	8.600402	-0.382594	-3.026520	-0.388682	2.721298	6.094917	-3.594486	-1.329642	1.045561	1.896511	6.710281	-3.957489	-0.420423	-0.189379	1.818347	7.277190	6.840869	1.295347	3.970223	2.722058	0.592640	4.335259	8.582727	-1.222999	-0.943643	0.085251	4.797747	9.409618	-1.518383	1.740935	0.889398	1.852475	6.834173
7.200000	-0.380942	-4.556625	4.288068	7.476877	4.590457	7.498302	3.025244	1.859357	3.016524	-1.844308	1.389428	3.312804	6.389163	-1.892305	-1.513710	0.577446	2.855374	8.021959	-2.892655	-0.468673	-0.344528	2.933569	5.347998	-4.009260	1.234882	1.776783	3.224609	5.572473	-3.630059	2.533054	1.315760	2.681770	8.582284	5.604857	-0.427301	4.206976	3.488406	1.522085	5.164269	6.844251	-3.634738	1.735803	1.182903	5.457757	8.005782	-2.525284	3.774913	2.854925	3.135730	6.925919
7.300000	-3.791998	-2.538647	0.845669	9.842217	7.722719	3.390574	1.168878	1.837471	2.938662	-0.912864	1.890455	4.880418	4.798453	-3.392784	0.680213	1.114923	3.903922	6.715185	-3.429413	2.595643	1.211469	3.482488	4.400453	-3.368939	2.666503	3.884660	4.320782	3.642848	-2.747462	3.714211	4.086305	4.606729	8.880927	1.960520	-1.297238	4.511521	5.226003	2.591905	5.620999	3.860610	-3.930533	3.326659	4.477234	6.600166	4.950061	-2.538661	4.741342	6.021753	4.188187	4.576182
7.400000	-4.019005	-0.527403	-0.330342	9.701128	7.829249	-2.959175	1.758622	2.800617	3.087893	-0.082736	2.383137	5.984141	2.105428	-3.640261	1.916530	2.919778	5.058419	4.655932	-2.865478	4.078797	4.185761	3.884167	2.736661	-2.589373	2.789174	6.292116	4.369728	0.897937	-1.879686	3.421958	7.319363	6.960890	5.270276	-2.276363	-0.410547	4.318281	7.221582	3.625607	4.624884	0.863439	-3.264896	2.423376	7.810809	6.261731	-0.223975	-2.003320	3.942860	8.876590	3.087778	0.619396
7.500000	-2.833583	0.212533	0.360089	9.497066	3.574494	-5.823750	3.104508	5.300550	2.615703	0.357466	2.994690	6.276630	-0.843212	-2.742498	1.481490	4.929334	5.826489	1.547999	-2.219331	3.889299	6.935050	2.926631	0.630894	-1.732392	2.180991	7.872209	2.733369	-1.392860	-0.917045	2.708182	9.791253	5.744922	-1.917415	-2.418955	-0.346758	4.468517	8.920808	3.264493	2.153195	-0.538572	-2.179484	0.754238	9.013370	3.157510	-4.018119	-0.736343	2.853118	9.794233	0.237922	-0.706541
7.600000	-1.747918	0.762830	1.632891	9.332026	-1.968385	-4.893369	0.540911	7.178155	2.151611	0.431327	3.633679	5.678565	-2.936843	-0.751273	0.870222	6.027567	5.342233	-1.792450	-1.174770	3.017518	8.272152	0.899103	-0.286518	-0.801900	1.783293	8.420651	0.369881	-1.755141	-0.238603	2.624631	10.485142	-0.228688	-4.186707	-0.315186	-0.439318	4.292210	9.960640	0.840464	0.704598	-0.186670	-1.152856	-0.028379	9.035213	-0.313014	-4.050275	-0.482675	2.709671	9.551452	-1.514994	1.069131
7.700000	-0.273988	1.439163	3.271611	7.981436	-5.290697	0.029176	-1.395445	6.889345	3.567712	0.338005	4.156588	4.500284	-3.617921	1.332514	1.927987	6.664579	3.067853	-3.693986	0.085705	2.998771	8.400038	-0.722871	0.503606	0.064905	2.090585	8.352497	-1.314342	-0.350443	0.213482	3.116941	9.488024	-4.610457	-0.294777	-0.006809	0.283156	4.579522	9.617456	-1.555762	1.835939	0.615721	-0.292619	0.160693	8.949039	-2.022060	-1.627931	-0.739845	2.462373	9.234198	-0.941179	3.143269
7.800000	1.134921	2.114437	4.760734	5.227021	-5.081275	4.153760	2.383339	6.920392	4.060178	0.117945	4.537609	3.286509	-3.401119	2.240001	4.387369	6.492434	-0.808974	-3.293707	0.090966	3.743326	7.916042	-1.514935	2.080591	1.315171	3.064455	7.762542	-1.858535	1.633919	1.326266	4.080169	7.463585	-4.602804	4.105779	1.945930	1.191222	5.460996	8.117546	-2.398058	3.967582	1.949910	0.214500	0.924429	8.775303	-1.658643	1.062540	0.021067	2.589096	9.231740	0.883069	3.666093
7.900000	2.128601	2.995254	5.520922	1.974638	-4.094559	3.916006	7.606781	6.206454	1.265507	0.310889	4.884724	2.258770	-2.961649	1.962838	6.538921	4.066713	-3.962473	-0.836941	-0.392837	3.959105	7.463298	-1.379076	3.440230	3.398953	4.444721	6.296018	-1.792063	3.094099	3.511312	5.226254	4.748389	-3.176140	5.506704	5.196109	2.130134	6.222587	5.866661	-2.176682	5.305804	3.679540	0.048797	1.722187	8.577670	-0.260367	2.495833	1.523947	3.635776	9.349205	1.863972	2.992268
8.000000	3.221926	4.167269	4.952967	-1.094066	-2.969564	1.403351	9.930259	3.574309	-2.014325	0.968563	5.353964	1.175239	-2.468880	1.167787	7.460350	0.453378	-4.279704	0.924236	0.620868	4.346971	7.129798	-0.641828	4.157796	6.046169	5.219629	3.424608	-1.558587	3.593989	6.269785	5.214095	1.211929	-2.106294	4.884778	8.143543	3.261615	5.816595	3.432037	-1.476714	5.639288	4.931771	-0.650385	2.229019	8.690249	1.114674	2.776556	3.205236	5.521851	8.825162	0.848612	2.529437
8.100000	4.983602	4.934024	2.519716	-2.714718	-1.213887	-0.350181	9.965528	1.113358	-2.969498	0.755020	5.923116	0.189549	-1.741559	0.435872	7.634927	-1.888370	-2.519932	0.895342	2.126519	5.484634	6.411308	-0.127984	4.537163	8.306819	3.566924	0.133840	-0.850136	3.382168	8.250586	2.686460	-1.650792	-1.165840	3.739557	10.357616	4.167225	3.508140	1.702230	-0.396530	5.651110	5.188660	-1.421311	2.414249	9.244084	2.062332	2.544742	4.953746	7.668836	5.963052	-1.251755	3.065437
8.200000	7.201162	3.816708	-0.715087	-2.139868	-0.008848	-0.151548	9.761336	-0.368603	-2.169762	-0.004711	6.235621	0.007371	-0.804111	0.253303	7.663760	-2.073328	-0.115845	1.014563	3.327880	6.989462	4.863389	-0.166409	4.849058	9.058563	-0.399966	-0.533823	-0.099849	3.464139	8.627647	-1.030864	-1.410670	-0.719200	3.062350	11.655225	2.994829	0.505358	1.617031	0.980882	5.968310	4.342153	-2.100187	2.144027	10.060975	2.687783	2.208615	6.560954	8.106229	0.282380	-1.851016	3.013459
8.300000	8.201860	1.006563	-2.048939	-0.855486	0.518676	0.923098	9.562157	-1.112209	-0.428525	-0.116720	6.396645	0.630234	-0.108720	0.712167	7.668107	-0.816971	1.563471	2.133174	4.747971	7.842454	2.120836	-0.234531	5.047337	8.106362	-3.241499	1.885998	1.064292	4.145769	7.605836	-3.180913	1.375810	0.129779	3.071303	11.867485	-0.010968	-0.208244	2.209267	2.830721	6.394809	2.182591	-2.542545	1.110250	10.746428	3.534004	1.800440	7.452487	5.138766	-4.294481	-0.059380	2.585103
8.400000	7.856839	-1.914877	-0.668652	-0.152839	1.107095	2.360575	9.112621	-1.203879	1.411520	1.064763	6.567925	1.156557	0.192660	1.463492	7.712617	0.683371	2.227347	3.776021	6.565636	6.422020	-1.238605	0.437055	5.384087	6.330411	-3.581315	4.073233	4.242881	5.194576	4.990321	-3.352853	3.667962	2.741413	4.556772	10.503117	-2.548960	1.713372	3.156154	4.703293	5.791535	-0.892479	-1.851774	-0.459305	10.677925	5.164184	1.044958	7.365270	0.858988	-5.070150	0.599248	3.752242
8.500000	6.771534	-3.356748	2.031284	0.970344	1.846783	4.073013	8.201987	-1.188621	2.790432	3.328884	6.454455	0.684960	0.493929	2.311480	7.930841	1.735824	2.426761	5.519424	7.504075	1.736198	-2.951647	0.758401	6.179704	4.248157	-3.198094	4.167705	8.080794	4.517490	0.787340	-2.625670	3.645064	6.475301	6.804523	5.837284	-3.882779	3.532295	5.984355	5.612639	2.717314	-2.691943	0.064542	-0.668050	9.938265	6.686656	-0.043838	7.162317	-1.764516	-3.323159	-0.613920	4.216905
8.600000	6.016168	-2.832005	3.934099	3.298056	2.794707	5.605621	6.501982	-1.442932	3.629285	6.026299	5.101700	-0.767539	1.197631	3.513359	8.266402	2.075681	2.633282	6.909119	5.414680	-3.205308	-1.334862	-0.138933	6.555060	2.554411	-3.004537	2.789491	10.138612	1.031014	-1.596503	-1.650450	2.354600	9.211188	6.037282	-1.684706	-3.410023	1.955387	8.770692	3.950677	-1.504814	-1.943204	0.968839	0.929423	9.795036	6.316090	-0.804570	7.654363	-1.839882	-0.645998	-0.911418	3.884167
8.700000	5.577757	-1.545877	4.595138	6.072503	4.013350	5.962362	3.852337	-1.603652	3.764052	8.067362	1.843760	-1.798672	1.704755	5.379720	8.360197	1.359639	2.965539	7.384289	0.882538	-4.412366	0.767761	0.573121	6.696312	1.230734	-2.781376	0.960290	10.432036	-1.217134	-0.221118	-0.940093	1.563057	10.021030	0.832783	-4.914539	-1.290905	-0.229264	9.107430	1.522875	-3.212818	-0.616201	1.168895	2.754821	10.334715	3.804975	-0.973600	8.247982	0.088150	0.978673	0.084790	4.037468
8.800000	5.161991	-0.439771	4.774955	8.704314	4.708352	4.019668	1.360119	-1.081034	3.401108	8.557739	-1.626423	-0.811337	1.463736	7.099800	7.678736	-0.398975	3.413712	6.904234	-3.081999	-2.443631	0.639235	2.109470	6.752507	-0.572173	-1.931307	-0.664224	10.220988	0.301885	1.321334	0.069289	1.790710	9.647506	-3.546785	-1.975760	-0.727898	-0.541027	8.955162	-0.083468	-2.692890	0.002057	1.682635	4.689972	10.211345	-0.238268	-0.472517	8.308209	2.267834	0.757430	1.148312	4.701074
8.900000	4.659021	0.249593	5.085345	10.530463	2.704406	1.114013	0.869971	-0.131038	3.424934	7.904451	-3.042842	1.594251	2.534205	8.243806	5.391967	-2.153190	3.877417	6.049696	-4.768770	0.858310	0.923240	3.112510	6.370204	-2.032463	0.033099	-0.899062	9.770676	2.976927	0.423694	0.903413	2.794515	8.508313	-4.021865	2.663699	0.318066	-0.019753	8.878126	-0.692306	-1.271727	0.316769	2.417360	6.744668	7.494924	-4.373081	0.451204	8.349788	2.980437	-0.317512	1.865605	5.722419
9.000000	4.016047	0.597186	5.649701	10.379371	-1.373866	1.187367	1.552804	0.988494	4.108969	6.710806	-2.826930	3.155564	5.818462	8.262795	0.333125	-2.493962	3.635877	5.437587	-4.440996	3.222260	3.395720	4.208216	4.996155	-2.465774	2.078269	1.263983	9.583037	2.940046	-1.462346	1.558710	4.302000	6.980029	-2.404266	5.190214	2.590245	1.338119	8.655555	-0.793423	0.217229	0.902098	3.403696	7.942602	1.430574	-6.324881	-0.974304	8.367679	2.767796	-1.235536	2.182993	6.969585
9.100000	3.348063	0.753078	6.261235	8.190727	-3.669037	3.661961	3.252963	2.117880	5.007350	5.010624	-2.489929	3.234535	8.911039	3.984132	-4.604559	-0.837038	2.882970	5.069646	-3.030220	3.785760	6.703803	4.492445	2.099188	-2.125716	2.806900	4.804890	8.935181	-0.818901	-1.493895	1.545516	5.899047	5.491683	-1.101437	5.884099	5.173990	2.912680	7.605012	-0.917651	1.521619	2.028969	4.729984	6.610603	-4.545307	-2.949182	-4.540516	6.053529	4.145379	-1.964189	2.097407	8.170849
9.200000	2.811273	0.823742	6.718444	5.297885	-3.885341	4.787940	6.460258	2.994515	5.053221	2.856328	-2.314541	2.430653	9.691171	-2.524679	-3.862910	-0.982639	2.762617	4.935983	-1.559429	3.581901	8.924076	2.412335	-0.654976	-1.235189	2.428851	7.435336	5.423282	-4.628960	0.957667	1.990913	6.891610	4.327731	-0.436233	6.008297	7.822647	3.682862	5.193645	-0.913078	2.478680	3.843961	5.704349	2.457954	-5.770179	2.817868	-3.161686	4.230842	5.551785	-2.354050	1.898906	9.171306
9.300000	2.500030	0.844920	6.956501	2.566139	-3.633116	3.605545	9.536233	3.475754	3.394279	1.145442	-1.763325	1.486869	9.205999	-4.449783	1.366966	-0.868693	2.544518	5.325608	-0.154467	3.679288	9.369319	-0.964744	-0.473737	-0.466774	2.287950	8.284255	0.014457	-5.057676	1.389924	4.371136	7.548413	2.349307	-0.002785	6.114643	9.777449	2.145065	2.650090	-0.223468	2.979934	5.823655	4.583783	-2.150383	-4.523888	3.875530	1.294122	4.405299	5.150858	-2.662350	1.529155	9.925303
9.400000	2.788317	0.763402	6.979301	0.299668	-3.058813	1.122360	10.991024	3.553171	0.618707	0.860053	-0.888889	1.090627	8.888753	-1.413114	4.665154	1.834938	3.102791	5.624466	1.247304	4.273128	8.234701	-2.824132	2.091257	0.736476	2.844952	7.692258	-4.082578	-2.065527	-0.488960	5.205799	7.828640	-0.555295	0.652834	6.585716	9.763834	-1.000895	2.633738	1.192620	3.649031	6.763919	0.808015	-3.942011	-3.393489	1.939023	4.396930	5.075036	2.755037	-3.017758	0.495928	10.311607
9.500000	4.259715	0.411402	6.874410	-0.952434	-1.674145	-0.826637	10.750586	3.249500	-1.839654	1.784888	0.228631	1.497275	8.950515	2.572119	4.674156	3.719993	3.788841	5.525700	2.531347	4.916832	6.111525	-2.738528	4.110427	3.404481	3.917822	5.513468	-5.035398	2.113414	0.524909	5.222399	7.170398	-2.686198	1.416020	7.794628	7.346701	-3.141198	4.393081	4.051975	4.660220	5.368456	-2.855182	-1.738272	-2.890589	0.095086	5.499284	5.386150	-0.751144	-2.427944	-1.263584	9.864811
9.600000	6.309845	-0.029305	6.905166	-0.718585	-0.022980	-0.853494	10.161715	2.168234	-3.043611	2.783430	2.043781	2.824953	9.439347	4.728547	3.111550	4.288770	4.784928	5.377702	3.481504	5.044559	3.695676	-1.996012	4.491028	6.577004	3.909501	1.979360	-4.183983	3.373036	4.247606	6.006803	4.157182	-3.970631	1.174782	9.036383	3.309887	-3.972856	4.426005	8.127519	4.160329	1.410756	-3.497702	1.118809	-1.881765	-0.485379	5.536967	4.660886	-3.246715	0.001650	-1.765874	8.602066
9.700000	7.015180	-0.058740	7.073884	0.516053	0.860398	0.487875	9.925333	0.064619	-2.776266	2.694877	4.542121	5.470428	9.651432	3.348352	1.465289	4.870303	6.456056	5.134773	3.529800	4.430729	1.762311	-1.150314	4.105827	8.550594	1.474484	-0.483721	-3.032053	2.027550	7.168409	5.425754	-1.038858	-3.592386	-1.052922	9.109474	0.210391	-3.603237	1.843264	10.264506	1.419694	-1.242318	-2.444526	2.093680	-0.495656	-0.098730	5.612441	3.244916	-3.779546	2.399585	0.695280	8.141183
9.800000	4.891277	-0.064813	7.201572	1.907945	0.881937	1.969135	9.484027	-2.161642	-0.929978	1.991144	6.908655	9.031000	6.154488	-0.844719	1.587251	6.003115	8.249428	3.765335	2.528892	3.800377	0.903215	-0.274491	3.994243	8.741207	-1.464757	0.445864	-1.990710	0.694274	8.102105	2.565640	-4.111838	-0.769377	-2.647817	8.605601	0.194969	-2.476328	-0.531798	10.286756	0.295820	-1.076195	-1.632310	2.399749	0.826910	0.748236	5.899604	1.584635	-3.319707	2.879133	4.643832	8.930924
9.900000	-0.256759	0.290247	7.311430	2.951405	0.463054	2.994070	8.529163	-3.010340	1.676595	3.063185	8.972281	8.519521	-2.319275	-1.442415	1.352597	7.796330	8.537877	0.284006	2.095944	3.936613	0.867001	0.561364	4.495025	7.755775	-2.464364	3.136230	-0.545399	0.574590	8.225769	-0.512301	-3.682544	1.268477	-1.080890	8.515410	0.841817	-2.037598	-1.672575	9.756198	1.287738	-0.940999	-0.860251	2.671084	2.147333	1.943117	5.982915	-0.205136	-2.440233	1.838964	7.745381	8.763657
10.000000	-4.863244	0.841602	7.799077	3.107661	-0.039687	3.587150	7.541336	-2.519115	3.192420	6.603830	9.488051	-0.288728	-5.643081	0.659731	1.996159	8.855173	6.040201	-3.145016	3.065371	4.978813	0.895897	1.333089	5.395230	6.280372	-1.943055	5.038263	1.583264	1.445929	7.996340	-2.508574	-1.519807	1.538056	1.362708	8.441109	-0.123302	-1.546269	-2.307871	8.858309	2.547022	-1.893170	-0.105388	3.018843	3.560655	3.295214	5.179036	-1.777423	-0.987470	0.887546	8.918689	5.365638
10.100000	-5.782838	-1.405402	7.799876	3.389094	-0.508521	3.917676	6.942000	-1.765178	3.456232	9.592494	2.787009	-7.299496	-1.552754	-0.886879	2.447431	9.597273	0.684593	-4.037557	2.609839	6.649536	0.828105	1.989465	6.390767	4.646331	-1.200292	5.748055	4.085412	2.601137	6.863499	-3.110978	1.007144	2.119335	3.376423	7.757795	-1.761190	0.338170	-1.929691	8.029457	2.867744	-3.117910	0.558544	3.688001	5.120483	4.091790	3.081793	-2.430356	0.542241	1.412665	9.086967	-0.166425
10.200000	-1.383713	-3.990732	5.511540	5.300203	-0.743209	4.162278	6.761548	-1.190839	3.503718	9.298068	-5.757087	-3.933482	-1.027215	-0.729478	2.139814	9.296912	-3.422311	-1.546707	0.676237	7.455140	2.036945	2.532262	7.084078	2.923671	-0.646609	5.857201	6.613893	3.068428	4.643212	-2.641642	2.490430	4.013287	5.179866	5.593987	-2.592184	2.709281	0.597561	7.907747	1.383450	-3.632625	0.642574	4.726939	6.636762	3.073114	0.642552	-1.931976	1.193411	3.048078	8.168153	-4.549398
10.300000	4.315542	-1.252499	4.398729	6.737228	-0.109116	4.509025	6.698758	-0.746027	3.806358	7.027432	-7.444707	3.436353	-0.054136	-0.131888	2.248724	8.498084	-3.737564	2.309415	1.946538	7.736660	3.911949	2.914355	6.920727	1.327478	-0.051755	5.903956	8.402878	1.800019	2.582837	-1.608306	2.709569	6.404614	5.882202	1.575096	-2.412740	3.508332	4.505513	6.913491	-2.106169	-2.301540	-0.221290	5.296451	7.464323	0.145198	-0.007673	-0.989932	1.353608	4.564275	5.865614	-4.831876
10.400000	5.981306	4.194019	4.844774	6.353696	0.739071	4.854022	6.451868	-0.310033	4.250646	4.886608	-5.251578	6.381220	4.005060	0.054762	2.858397	7.750266	-1.957255	4.080488	6.008195	7.934339	3.561346	2.899249	6.133248	0.347663	0.689148	6.364845	8.515509	-0.646165	2.568706	-0.193437	2.806121	8.121206	3.755560	-2.269124	-1.350110	2.814614	7.041932	3.135765	-4.513136	0.504353	-0.081491	5.298115	7.079914	-2.304330	1.671289	0.110182	1.794489	5.632490	3.314160	-3.455559
10.500000	4.988783	8.759105	4.886355	3.903059	1.485358	5.288495	6.043270	0.142254	4.635566	3.471417	-3.234023	6.044493	6.683311	-0.862614	3.309182	7.619946	-0.109146	4.490259	9.627549	6.192955	0.523336	3.073091	5.781029	0.044209	1.412017	7.295200	6.711064	-2.387807	4.115459	2.164593	3.717070	8.288073	-0.640243	-2.697273	-0.721686	2.419764	7.588411	-1.299843	-3.797147	1.266651	1.770011	5.933327	5.267031	-3.006034	3.646546	2.212636	2.700401	6.052373	0.897720	-2.386054
10.600000	3.476431	11.180777	3.384274	0.981018	2.384092	6.204093	5.354693	0.405504	4.892648	2.641327	-1.898053	5.257682	7.527258	-1.449975	3.690908	8.340065	1.601802	5.032352	10.798904	0.930200	-1.280383	3.326100	6.225516	-0.044952	2.052269	8.222844	3.509330	-2.940073	4.782501	5.892764	5.001678	5.479973	-3.793449	0.120597	-0.445557	2.407939	7.159391	-3.822726	-0.932127	0.759995	3.195411	6.805697	2.179994	-2.782769	4.113518	5.161744	3.762255	5.001537	-1.181490	-1.341893
10.700000	2.914234	11.750698	0.698123	-0.067673	3.010590	7.568027	4.066105	0.302072	5.120282	2.328324	-0.936236	4.858119	7.557263	-1.392658	3.917679	9.789342	3.522658	5.466638	8.311846	-3.877606	0.642893	3.469018	6.580964	0.167565	2.642091	8.551581	-0.206413	-2.479293	3.489483	9.231696	4.173310	0.325160	-3.747474	1.870490	1.177935	3.071039	6.138478	-3.975831	2.050961	2.000157	4.342383	6.609084	-1.258378	-1.840326	3.151046	7.709936	4.113011	2.100187	-1.987814	-0.359881
10.800000	3.268147	11.278440	-1.517861	1.115909	3.858229	8.467334	2.042080	0.218737	5.393247	2.506369	-0.161430	4.915195	7.280876	-1.128592	3.929968	11.741028	4.867979	3.739442	4.192963	-4.732898	2.065237	5.604905	6.098491	0.016077	3.199179	7.960998	-3.001794	-0.498853	2.217425	10.245463	0.775292	-2.088916	-2.573875	1.488712	2.973606	4.254225	4.329251	-3.222561	3.307078	4.920279	5.462276	3.879927	-3.493867	-0.259035	2.596623	8.966351	2.682317	-0.756763	-1.243878	0.061801
10.900000	4.018212	10.201107	-2.215102	2.867312	6.265852	7.670726	-0.918375	0.790337	5.761775	2.909772	0.510055	5.296785	6.755696	-1.064492	3.764849	13.340910	2.874043	0.442360	2.900426	-3.603286	1.291349	7.482615	4.916475	-0.907458	3.593287	6.956915	-3.818967	1.902898	3.807092	9.517038	-2.447876	-0.042351	-1.785128	1.080294	4.286568	5.237270	1.685456	-2.576289	2.865318	7.719235	4.612771	-0.722516	-3.191356	0.102631	3.223370	9.181771	-0.329978	-1.057262	-0.251014	0.522024
11.000000	5.192700	8.630400	-2.290140	3.733603	9.015902	3.332482	-3.606493	1.296895	6.615764	3.200370	1.065833	5.815740	5.832046	-1.365331	3.365205	13.521776	-1.155891	0.423845	3.376931	-2.237196	0.641205	8.173989	3.520560	-1.730933	3.720006	6.270543	-3.395775	2.898712	7.032634	6.190124	-4.187980	3.679656	0.070747	1.433184	5.363412	5.024361	-1.195856	-1.584925	1.720045	8.922029	1.315106	-3.004120	-1.489657	-0.340833	3.535504	8.606879	-2.495878	1.146068	0.588555	1.303652
11.100000	6.498398	6.149824	-2.774510	3.629094	9.866566	-2.831854	-2.442471	-0.270376	7.175655	4.114985	1.417738	6.223433	4.380556	-1.935296	2.554041	12.927420	-1.948402	2.932272	3.877334	-1.642070	0.532379	8.419224	2.000498	-2.005972	3.522964	6.055416	-2.731504	2.815117	8.952596	0.759375	-4.170401	4.814912	3.535024	2.260600	6.011273	3.082723	-2.931951	-0.106286	1.470921	8.939953	-1.486559	-1.725210	-0.534323	-0.087894	3.741623	7.756426	-2.422672	3.504767	2.355797	2.400370
11.200000	6.790329	2.345721	-3.187362	2.505940	9.345906	-4.641758	2.587696	0.669253	7.117035	5.731346	1.653344	6.174478	2.514090	-2.385567	1.131479	12.722804	1.195514	3.921874	3.852431	-1.900515	0.510765	8.548858	0.637670	-1.658272	3.112100	6.094220	-2.049501	2.628989	9.053002	-3.753835	-2.079754	3.097662	6.363365	3.701982	5.197792	0.325238	-2.773491	0.613196	2.504927	8.392879	-2.479777	1.010494	0.249183	0.610741	4.328061	6.992706	-1.293111	4.646141	4.894283	3.834855
11.300000	4.388627	-1.137785	-2.284447	0.685892	9.148320	-1.125981	5.108123	5.523911	7.506488	4.936116	1.536800	5.739494	0.785471	-2.233273	-0.682698	12.345546	5.133238	1.376832	2.880578	-1.763309	0.283512	8.596868	-0.010103	-0.843212	2.885504	6.182283	-1.251512	2.753302	8.195585	-5.054872	1.467913	3.360462	7.814487	4.715687	2.147766	-1.318701	-1.559551	0.573844	3.627790	7.496197	-2.116203	3.280131	1.751629	1.543099	5.256085	6.268865	-0.333658	5.033086	7.618439	4.756944
11.400000	0.776584	-1.647605	-0.937781	-0.196548	9.061417	4.203954	5.268337	8.499234	6.055331	1.388431	1.695987	5.529168	-0.317609	-1.351291	-1.858028	10.927293	6.082138	-2.759153	3.927738	-0.450486	0.397301	8.588284	0.214373	-0.013543	3.150536	6.257162	-0.377727	3.150994	7.124703	-4.046272	3.286874	6.992088	8.133860	1.538538	-0.404393	-0.750146	-0.627112	0.773824	4.551181	6.661462	-1.234943	4.452113	3.779794	2.632021	6.111299	5.286829	0.178089	5.330836	9.678792	2.719273
11.500000	0.890333	-0.747151	-0.009105	0.155241	8.921244	9.131448	4.994898	7.176993	2.315062	-0.485382	2.274619	5.628594	-0.930280	0.026466	-1.610020	9.592365	4.398085	-4.387743	5.867115	2.643289	1.409630	8.480858	0.527007	0.569332	3.794830	6.352516	0.397999	3.622662	6.103649	-2.952426	3.059383	10.248657	4.303634	-3.294340	0.974732	0.173051	0.176552	1.366218	5.534177	5.901106	-0.522425	4.932498	6.043666	3.860485	6.171169	3.857097	0.630000	5.800406	9.590496	-1.565442
11.600000	3.886270	0.929404	0.746724	1.264329	9.525435	11.543312	1.468298	4.139828	0.737627	-0.050094	2.696625	5.710969	-0.993017	1.429380	0.066697	9.210593	1.645041	-4.204094	5.396477	6.835084	3.050773	7.485607	0.217830	1.129345	4.692632	6.460273	0.891929	3.997370	5.077076	-2.511961	2.215281	11.037369	-1.861348	-3.136219	1.738170	1.588497	0.957732	2.296228	6.608370	4.869954	-0.208351	5.190331	8.492260	4.556895	4.629536	2.531826	1.507712	6.544222	7.118163	-3.732641
11.700000	5.345621	3.763971	0.800741	2.561175	11.102437	7.961924	-3.586115	5.439132	2.188341	0.545830	3.330746	5.619232	-0.677854	2.426422	2.695225	8.732871	-2.065739	-2.866252	2.657315	9.972198	5.087405	4.069414	-0.489099	1.782351	5.947839	6.345879	0.865816	4.226325	4.029210	-2.511500	1.287888	10.625912	-3.950937	0.928959	1.824381	2.616683	1.914208	3.519056	7.455659	3.125135	-0.092175	5.396505	10.572402	3.075817	2.193907	2.419349	2.944095	7.255282	3.252168	-3.664505
11.800000	4.419761	6.059916	0.605575	3.508733	11.706830	-0.344425	-4.526069	5.606658	5.591344	0.419220	3.879544	5.513285	-0.294538	3.048890	5.332803	6.065894	-5.042298	0.272110	1.446722	10.919536	5.010310	-1.226707	-0.122401	2.181049	7.387677	5.605013	0.216035	4.465764	3.115981	-2.690136	0.234879	10.354000	-0.981324	3.688084	3.769183	3.076129	2.925284	5.023764	7.257369	0.621098	0.333056	5.739186	10.996685	-0.454908	1.710774	3.362460	4.899080	6.579405	-1.127432	-2.728639
11.900000	2.991004	7.294075	1.521309	4.295473	9.480019	-6.646782	-0.757137	3.110200	7.316757	1.131608	4.209771	5.487813	0.108258	3.534691	6.753212	1.075644	-5.486647	1.523644	4.080233	10.873180	-0.267166	-3.107933	0.599567	3.161862	8.529317	3.697175	-0.533046	4.848068	2.433841	-2.967903	-1.012057	9.936890	3.892390	3.365029	4.818289	3.415115	3.816194	6.315111	5.122925	-1.690513	1.032343	6.704070	9.107891	-3.221868	3.348619	5.700973	6.126138	2.795145	-3.869036	-1.397165
12.000000	2.133544	8.274383	3.616292	4.464795	5.079221	-7.575234	2.465959	5.483589	7.516970	2.027802	4.225354	5.181548	0.639492	4.019421	6.215903	-3.560002	-3.282270	-0.568580	5.307563	8.722517	-5.559894	0.917452	0.593673	4.058233	9.067813	0.517563	-0.483508	5.166306	1.776805	-3.245402	-2.248867	8.276044	7.851814	1.303351	4.713110	4.758015	4.854104	6.159447	1.393139	-2.433406	0.824075	7.797594	5.503405	-4.607870	3.661838	9.230604	3.528481	-2.204111	-2.879330	-1.303164
12.100000	1.346240	9.239501	5.563378	2.131813	1.400102	-6.607291	0.245773	8.069906	7.437237	0.569934	4.288219	5.292101	1.362102	4.407657	4.099649	-5.258430	0.584128	-0.902152	4.726641	6.352406	-5.671747	4.546570	4.491400	5.444588	7.402634	-2.536818	0.632133	5.477463	0.729743	-3.130140	-2.949352	5.126286	9.973806	0.291421	4.872994	7.179843	5.196689	3.294386	-1.337236	-1.373773	-0.002725	8.061568	1.694378	-5.146066	0.919411	10.630099	-1.087673	-2.346033	-1.225231	-1.228463
12.200000	1.111303	9.845753	4.859544	-1.646408	1.836960	-5.377601	-2.557126	6.279013	8.241367	-0.903115	4.714526	6.435351	1.958969	4.267888	1.647001	-4.712394	2.562415	1.687383	5.056426	4.088232	-4.466451	4.034676	9.566958	5.585636	1.593317	-3.699786	0.952852	6.055285	-0.574527	-2.083357	-2.753581	1.721805	11.056505	2.678264	4.915298	8.673691	2.702140	-0.041139	-1.196763	-0.258800	0.090318	8.065224	-1.264864	-3.860629	-3.000950	10.027882	-0.184937	-0.079650	-0.363228	-0.518282
12.300000	1.690332	10.094321	1.459477	-2.905571	4.342935	-4.080698	-2.240550	3.073598	9.120780	0.295812	5.129161	7.782740	1.804959	3.431486	0.001122	-3.586341	2.149604	4.529886	5.294806	0.806341	-3.792519	1.161553	11.577403	1.818789	-2.878196	-2.262095	-0.461645	6.330617	-0.631708	-0.485994	-1.889689	-0.450841	11.049273	7.440399	3.650022	6.946813	-0.460259	-0.091709	-0.281407	0.494313	0.961426	7.961625	-2.414247	-0.364912	-4.293169	8.262899	3.911169	-0.899491	0.516237	0.328644
12.400000	3.035136	9.541619	-2.358082	-1.652034	5.385325	-2.393546	-0.433944	1.940747	9.723636	3.649078	5.103528	7.528971	0.834488	2.844234	-0.493310	-2.419748	1.099249	6.094083	4.217460	-2.444991	-2.119750	-1.777913	11.188555	-0.194894	-2.380524	-0.920129	-0.984796	6.383250	0.735765	0.345131	-0.948220	-1.039729	9.895090	10.302396	-0.019497	5.347955	-0.465690	1.089429	0.611119	1.241943	2.271010	7.528170	-1.605316	2.689812	-1.924918	7.097344	5.285779	-2.968295	2.012319	1.617188
12.500000	4.970313	6.782413	-5.052035	0.296003	5.584014	-0.914790	0.878844	2.855361	10.645758	6.220824	3.597626	5.628590	0.476928	2.987915	-0.322499	-1.324774	0.563128	6.672850	2.127974	-3.658824	0.487789	-1.854120	10.693591	0.832269	-1.645936	0.128092	-0.420306	6.418636	2.092960	0.121951	-0.146506	-0.627670	8.820398	9.573273	-2.422568	6.921035	2.047559	1.437917	1.456625	2.076228	3.785608	6.840565	-0.396796	3.921912	1.646990	7.094395	3.285860	-3.792168	3.133919	4.207759
12.600000	5.794438	0.842616	-5.675674	0.010991	6.059091	0.420241	1.642176	4.799098	11.998448	4.472087	0.575362	4.852318	1.669843	3.011264	-0.034728	-0.382112	0.734349	6.917809	0.064319	-3.099163	1.787971	0.835981	10.441532	0.497748	-1.563900	1.005167	0.865617	6.610495	2.429363	-0.516410	0.689583	0.442741	8.625212	7.549154	-2.216722	8.191456	5.027438	-0.007272	2.032586	3.290683	5.344443	5.788349	0.176105	4.358358	4.980006	6.148896	-0.761687	-3.143808	2.128511	7.032026
12.700000	3.561803	-4.222284	-3.106950	-2.620772	5.462915	2.994442	2.331339	7.029275	11.196389	-1.863156	0.310836	5.159193	3.543370	2.245423	0.080860	0.427856	1.466092	6.941565	-1.469168	-1.648573	1.727648	3.692284	9.611001	-1.974772	-0.086656	1.515215	2.491126	6.860755	1.430968	-0.784182	1.446578	2.180792	9.166693	4.960044	-1.548564	8.323597	5.815376	-2.409641	2.751757	5.432354	6.561438	3.671804	0.269688	4.753769	7.066378	2.180115	-3.428191	-1.400304	0.579045	8.041895
12.800000	0.003506	-4.697306	0.118051	-2.819013	4.018139	6.234641	4.323167	8.168472	5.163248	-6.191528	2.007559	6.613055	4.028941	0.722755	0.392602	1.180692	2.606838	6.512288	-2.313057	0.217910	1.929463	5.650215	7.263460	-3.866488	2.530615	2.988254	4.094511	6.446331	-0.414351	-0.195675	1.958281	4.376090	9.445587	1.193712	-0.965356	8.067145	4.424589	-4.075012	2.674036	8.370825	6.018689	0.091325	0.714773	5.308033	6.737181	-2.711206	-2.042151	-0.665403	0.323518	8.156055
12.900000	-2.464129	-2.519585	1.185878	-1.245835	3.092671	9.024064	7.048158	4.222317	-2.275096	-5.458349	-1.089355	7.557101	3.757875	-0.962695	1.148737	2.110533	3.931819	5.378060	-2.577830	1.777509	3.442620	6.875843	3.239192	-4.309479	3.359482	6.239787	5.337297	3.904616	-1.862117	0.924387	2.827989	6.566615	7.463138	-3.124826	-0.080074	7.882761	1.771810	-4.726852	0.513616	9.918997	3.247807	-2.837279	1.171338	6.273190	4.027671	-4.947222	1.180108	0.082911	0.732185	8.102119
13.000000	-3.231753	0.339726	1.649462	0.182128	3.185378	10.912820	4.321394	-3.089120	-1.792421	-3.343259	-4.013472	5.306114	4.931936	-2.097482	2.039022	3.640552	5.053992	3.290624	-2.546531	2.330333	5.815439	6.222127	-1.848654	-3.323960	1.220023	8.611482	5.007374	-0.522530	-1.592970	1.283227	4.396738	7.886278	1.724539	-5.418519	-0.739208	7.844946	-0.808226	-3.715852	-2.641223	9.110311	1.642428	-3.636385	0.392070	6.933060	0.725993	-4.721699	2.450321	2.091480	1.989895	7.585127
13.100000	-3.074375	2.490509	2.869322	1.383031	4.311100	10.497752	-2.996698	-2.803989	0.348627	-2.229781	-3.995979	2.301135	5.973217	-1.771439	2.787493	5.763301	4.997155	0.275580	-2.038856	1.791969	7.460061	2.650653	-4.765223	-0.721364	-0.451894	8.707665	3.289741	-3.571571	-0.066659	1.396865	5.758684	6.404426	-4.436331	-2.500919	-3.646446	7.157474	-0.236463	-1.703567	-3.932244	7.565796	2.046059	-3.951780	-0.741274	7.002883	-1.144895	-3.301972	1.663614	4.093320	3.976143	5.823178
13.200000	-2.767446	3.155253	4.786782	2.781709	5.596845	6.741185	-6.483217	2.206112	1.182623	-1.465496	-2.936897	0.180109	6.450160	0.327849	3.284791	7.371738	2.637371	-2.057904	-0.837896	1.209183	7.826277	-1.261174	-3.962982	0.449170	0.452949	8.606814	0.557725	-4.008384	0.733187	2.513088	6.646458	2.114156	-5.866927	2.559605	-2.116890	7.013754	1.816755	-1.705345	-3.639438	6.251246	2.363076	-4.550377	-1.766879	6.744547	-1.001652	-1.542796	0.930067	5.332049	5.707854	2.401396
13.300000	-1.800409	2.442046	6.772974	4.813235	5.082795	1.468698	-5.992968	3.861785	3.447281	-1.808094	-1.475527	-0.758875	6.445001	3.533446	3.909312	7.047724	-0.867384	-1.729018	-0.065683	1.516713	7.593554	-3.242988	-1.091769	0.382468	1.612696	8.404484	-2.213622	-2.130107	0.258173	3.556866	6.490450	-2.632355	-4.420015	2.867556	2.535895	7.030460	0.768846	-2.372437	-3.331002	4.971174	2.193330	-5.057815	-2.691658	5.877616	0.668747	-0.483338	1.086460	6.212572	5.570415	-1.582695
13.400000	-0.228823	2.052141	8.243936	5.934239	1.110660	-1.335482	-4.682283	1.980270	4.841719	-2.255268	0.449312	-0.321338	6.246203	6.834238	3.992192	4.319080	-2.717241	0.253961	0.486388	2.269990	7.021874	-3.132843	1.868481	1.403135	2.761282	7.597562	-3.321887	1.008183	0.698093	4.170059	4.938174	-5.470429	-1.605458	1.078749	4.868984	6.133395	-2.130474	-0.700409	-3.071710	4.096505	1.940088	-5.261133	-3.132517	4.134659	2.652576	-0.225733	1.607971	6.999169	3.076913	-3.906242
13.500000	0.160638	2.772109	9.300777	3.191529	-2.662976	0.386507	-3.567790	0.259980	5.377791	-1.094896	1.988535	1.500783	6.757848	8.469412	1.615716	1.677333	-2.301696	1.449476	1.722796	3.384523	6.150707	-2.047833	3.515025	3.684408	4.145909	5.740464	-3.006243	3.227981	3.086455	4.666709	1.991504	-5.817387	0.684704	1.494714	5.738187	4.256394	-3.437436	2.276111	-1.401831	4.234245	1.425846	-5.150463	-2.722025	2.059687	4.033304	0.225568	2.208865	7.331929	-0.482108	-3.619854
13.600000	-0.208876	3.214026	9.408466	-1.583997	-2.249508	2.093820	-2.085894	-0.108262	5.637261	1.041588	2.623214	3.824236	8.208065	6.273328	-1.926955	2.440958	-0.934810	1.984249	3.280312	4.715216	4.763353	-1.177611	4.054077	6.348027	4.637002	2.623206	-2.331001	3.641818	5.923247	3.437841	-1.400433	-4.576136	0.404132	2.926659	6.394545	1.348378	-3.136573	3.700113	1.881316	4.484593	-0.066029	-4.377258	-1.907175	0.604074	4.791384	1.562865	2.969834	6.701176	-3.106873	-1.158277
13.700000	0.851411	3.788967	8.167235	-4.291886	0.701572	2.624592	-0.930556	0.211047	5.888233	3.246676	3.015324	5.935163	8.371646	0.280895	-2.726999	3.731555	1.476557	2.594532	4.826106	5.570365	2.592782	-0.671103	4.136149	8.395523	2.706747	-0.289886	-1.411521	3.067831	7.366283	0.279175	-2.389220	-2.937479	-0.738159	3.226368	6.560582	-1.601238	-1.984961	3.265271	4.739079	3.277510	-1.946103	-2.636477	-1.372386	0.004242	5.200859	3.680934	3.633647	4.858462	-3.734992	1.656412
13.800000	3.344060	5.004107	5.356544	-4.668731	3.012680	3.930234	-0.556810	0.781212	6.347440	5.374110	3.717039	6.900548	4.644425	-4.491736	-1.043815	3.301570	3.799692	3.641958	5.898249	4.885051	0.155727	0.002377	4.282795	8.882123	-0.788495	-0.362111	-0.614998	2.795616	7.419250	-2.106992	-0.377066	-1.868798	-0.945510	2.919350	6.239323	-3.227676	-0.179836	2.929298	5.998067	0.936291	-2.451838	-0.890577	-0.831776	0.026407	5.466759	5.929581	3.207737	2.369583	-3.027275	2.807491
13.900000	5.860197	5.420561	0.955890	-4.101427	2.873939	5.485233	-0.655015	1.368257	7.259819	7.463252	3.831935	5.337032	-0.341503	-4.676819	-0.751262	3.128422	5.788151	5.310981	5.587343	2.338461	-1.051590	0.695930	4.983796	7.716341	-2.991138	2.096255	0.654621	3.226532	6.828234	-2.425615	2.386993	-0.716237	-0.331812	2.941211	5.675624	-3.386289	1.447914	4.062807	5.841014	-1.454442	-1.273450	0.028438	-0.056586	0.540666	5.896773	7.189748	1.003185	0.992193	-1.906777	2.605076
14.000000	7.466335	3.285955	-2.793309	-2.659892	1.100289	6.324616	0.001190	1.937579	8.691734	8.323987	1.199655	3.134441	-2.107792	-2.717277	-1.437317	2.450613	7.943325	6.453024	2.432035	0.122077	-0.566789	1.042669	5.914046	5.594717	-3.344845	4.119919	3.560953	4.187339	5.510494	-1.609108	4.164849	0.817161	0.461170	3.464604	4.928798	-2.933357	2.188025	5.926599	3.983665	-3.086501	0.652043	0.765314	0.765409	1.471977	6.720588	6.434834	-1.629824	1.944363	-0.568470	2.481968
14.100000	7.716548	-0.674048	-2.988046	-1.363850	0.005310	6.612187	1.950575	2.797897	10.016718	5.523870	-2.287600	4.147619	-1.405729	-0.820987	-1.182506	1.607568	9.372534	5.030763	-1.895159	0.730479	0.314539	1.645908	6.672729	3.114403	-3.064739	4.196272	7.156465	4.491603	2.985641	-0.633967	4.865205	2.345616	1.074134	4.113923	3.968274	-2.536443	2.192916	7.236771	0.862012	-3.252517	1.697429	2.037351	1.575853	2.757114	7.605596	3.501425	-2.839466	3.541405	1.678954	3.221635
14.200000	5.640468	-3.540927	-0.218698	-0.754057	-0.075171	6.716911	4.857860	4.365643	9.502355	-0.240242	-2.671072	5.316234	0.735823	0.234788	-0.342604	1.507364	9.819995	1.215196	-3.448560	1.994936	1.818087	2.769606	6.923958	0.327793	-2.501470	2.763560	9.559084	3.168626	0.243441	0.324448	5.191551	3.598733	1.559129	4.539742	2.822434	-2.264733	1.824974	7.680400	-1.778182	-1.817147	1.519505	3.367570	2.703860	4.239596	7.378162	-0.583814	-2.340000	3.561196	4.634500	4.610435
14.300000	1.196677	-3.801445	1.919566	0.523610	0.595306	6.999151	8.259635	5.028088	4.944408	-4.366614	-1.164493	4.871765	2.496749	0.179539	0.469988	2.211332	9.494983	-2.414041	-1.784233	1.711588	3.599507	4.461943	5.677381	-2.267979	-1.028729	1.381608	10.216780	1.284257	-0.947530	0.886475	5.774305	4.591559	1.842619	4.567160	1.658776	-1.903050	1.337654	7.698264	-2.468463	0.487844	1.795182	4.446586	4.477218	5.343197	4.681658	-3.575280	-0.713091	2.869986	6.950741	5.064932
14.400000	-2.334576	-2.567115	1.894483	2.108638	2.024438	8.056565	9.654266	0.788194	0.931408	-4.311197	-1.249834	4.408199	3.517162	-0.148940	1.201756	3.491803	8.205802	-3.960009	1.441360	2.286336	4.949461	5.709237	2.255577	-3.370391	0.564968	1.875590	10.093396	-0.287733	-0.499361	1.134830	6.564886	5.380887	1.606512	4.266532	0.842963	-1.319497	0.988057	7.705072	-1.224209	2.201229	3.372985	5.734057	6.028610	4.257250	0.562560	-3.792696	-0.025603	3.147407	8.254406	2.529333
14.500000	-1.767928	-1.810186	1.443896	3.512213	4.573106	9.493381	5.103796	-3.780834	3.515294	-2.911777	-1.151308	3.798700	4.377341	-0.309402	1.857044	5.009949	5.948351	-3.917420	3.410692	5.263708	6.061971	4.074215	-1.442395	-2.422244	0.637499	3.346750	9.450293	-1.707294	1.138058	2.034402	7.448768	5.446939	0.726761	4.087992	0.682355	-0.628665	1.023347	7.822383	0.876861	2.859580	5.493370	7.296236	4.962563	0.734989	-0.939584	-2.554179	-0.390073	3.399605	8.434405	-1.534780
14.600000	1.625566	-0.857271	1.474246	4.986195	7.897786	7.089038	-3.082309	-3.246627	4.950021	-0.453879	-0.152051	3.811292	4.870099	-0.203382	2.432009	6.267679	2.925414	-3.715765	2.927689	8.635698	5.087010	-0.567463	-1.899056	-1.178502	0.410222	4.296130	8.382614	-2.278326	2.926309	4.630479	8.218828	3.434397	-0.193478	4.382771	1.188831	-0.043249	1.490926	8.124232	2.906145	3.119153	7.331790	7.184797	0.381897	-0.727944	0.023752	-1.518743	-0.331747	3.458839	7.654069	-3.355637
14.700000	4.312487	1.459391	2.153931	6.693120	8.395112	-1.701999	-5.096255	-3.027597	3.770817	1.652028	0.644688	4.320048	5.036388	-0.044629	2.959940	6.772496	-0.458257	-3.048801	0.710311	9.889444	1.689785	-3.139614	-0.129780	-0.508419	0.683730	5.080982	7.122624	-2.220330	3.704908	8.236053	6.739392	-0.998832	0.145582	4.753854	1.990300	0.325268	2.230175	8.772734	4.534112	3.377824	7.965665	3.588206	-3.068220	0.821243	0.854789	-0.607835	0.160124	3.817304	6.674188	-2.592504
14.800000	5.314061	4.237268	3.375132	7.577245	3.020493	-6.562357	0.500845	-3.606573	2.453631	3.626763	1.806515	4.922425	4.818493	0.067908	3.457964	6.321323	-2.937310	-0.744550	-0.778533	9.718667	-0.253546	-2.528704	0.824595	0.483813	1.383010	5.968563	5.504779	-2.353981	3.436876	10.444990	1.052399	-3.579554	0.539749	5.332467	2.551159	0.558788	3.097859	9.892029	5.403107	2.949658	6.833958	-0.595394	-2.839069	1.512081	1.925207	0.120772	0.860981	4.534603	5.895413	-1.110667
14.900000	5.613294	6.966546	4.448207	5.279272	-2.998626	-5.231223	2.502878	-0.880314	2.452649	5.190197	3.572937	5.187159	3.899892	0.241391	3.924658	5.253503	-3.537409	2.017160	0.993319	9.543414	-0.948076	-1.031694	1.264651	1.590544	2.563232	6.750872	3.010734	-2.735142	2.359252	10.480342	-3.752091	-0.613850	-0.346107	5.619781	3.430136	0.741084	4.053434	11.213040	4.224987	1.322501	5.582002	-2.206066	-1.075135	1.416068	2.858206	0.852388	1.675012	5.485685	5.278789	0.028925
15.000000	5.993468	8.975361	2.611904	1.109999	-4.414408	-3.556402	1.280998	1.286398	3.165492	6.548665	5.178520	4.287352	2.468308	0.768010	4.394878	4.028721	-3.048091	3.161057	4.895263	8.076785	-2.612899	1.021678	1.951786	2.717202	4.165510	6.558923	-0.379427	-2.316787	0.665031	10.112475	-2.422480	3.567072	1.970100	5.902986	4.055603	1.021387	5.080516	11.570108	0.405428	0.580538	5.479426	-1.718138	0.562743	1.959775	3.589907	1.711750	2.631256	6.475167	4.557151	0.707209
15.100000	6.658106	8.544501	-1.679776	1.223210	-3.435774	-2.452827	0.250080	2.399506	4.862685	7.948208	4.896069	2.005506	1.756271	1.734291	4.908299	2.659911	-2.477645	2.820306	7.824093	3.941030	-4.193666	2.746674	3.922666	3.989608	5.380030	4.262596	-2.922136	-0.377324	-0.173972	9.915518	2.458883	4.134918	4.890468	5.931602	3.113872	1.581356	6.231948	9.617101	-3.424309	2.061309	5.846009	-0.807224	1.654329	3.117510	4.262723	2.580846	3.763664	7.186699	3.434018	1.200594
15.200000	7.430420	5.511248	-3.624110	4.594473	-1.861298	-0.751219	0.147571	3.025736	7.305215	8.212213	1.254272	0.592543	2.217019	3.091650	5.169546	0.954733	-1.917117	1.954359	8.713354	-0.907486	-3.729271	1.746737	6.431418	5.703125	4.274573	0.780927	-3.017850	1.056630	1.229321	9.921989	5.888666	2.648070	5.669865	5.582731	1.725211	2.437642	7.383522	5.213319	-5.245100	3.047546	7.123216	-0.389662	2.414383	4.615519	4.973489	3.335894	4.923475	7.132470	1.904122	1.805037
15.300000	7.976461	1.569803	-3.226269	6.298276	0.964489	0.313284	0.863175	3.912026	9.397542	4.523696	-2.853148	1.557856	3.293402	4.561738	4.440763	-0.850790	-0.962108	1.345367	8.534718	-3.321004	-0.764156	0.299182	7.316036	6.933794	0.175946	-0.513414	-1.975134	1.172304	3.309736	10.800732	5.385538	0.573027	5.831085	5.630461	0.816245	3.228186	7.725408	-0.509161	-5.062451	0.731305	8.315488	0.872154	2.952278	6.318932	5.727864	3.726265	5.660585	5.976964	0.487432	2.512361
15.400000	7.879991	-1.986356	-2.077253	5.863669	3.373661	0.007972	1.612240	5.434051	9.121740	-2.251552	-2.636721	1.261013	5.038438	5.570348	2.021651	-1.749141	0.151130	1.656125	8.124170	-2.616755	2.331412	1.993540	7.787240	5.057443	-3.370564	1.601075	-0.830605	1.297344	5.216867	11.370630	0.938101	-0.390061	5.988172	6.200522	0.160969	3.768674	6.632407	-4.595593	-1.477061	-2.170609	7.706372	4.718464	3.212785	7.485770	6.312778	3.384387	5.577231	4.265659	-0.186563	3.061389
15.500000	6.938308	-4.268423	-0.486916	5.236810	4.356953	-0.559100	2.168260	7.065048	5.009278	-6.251555	1.089568	1.330057	5.948039	5.456188	-1.194804	-0.998664	0.683709	2.688959	7.690078	-0.865094	3.629069	5.397573	7.443410	-0.210555	-3.623589	3.054251	1.358630	2.031552	7.040977	8.947441	-4.287803	1.080215	6.435809	6.190912	-0.345182	4.199882	4.883566	-5.095388	2.966806	-0.085787	6.876015	8.528817	3.951498	7.350789	6.064120	2.511606	5.070300	3.044521	-0.096830	3.477599
15.600000	5.304855	-5.156752	0.677176	5.691574	4.217189	-0.983003	2.502018	7.772863	-0.962177	-5.955263	1.347668	4.030987	6.758573	2.651013	-2.993293	0.556501	1.338985	3.900863	7.396202	0.423853	4.099574	7.774108	3.141705	-4.489460	-1.865305	2.273900	3.449923	3.814468	7.968228	2.554700	-6.617106	0.874054	8.106062	4.934113	-1.050162	4.672201	3.552053	-4.054248	4.247182	5.135707	8.282552	9.544814	3.729062	5.953810	5.096481	2.090322	4.768597	2.552038	0.378336	3.960534
15.700000	3.176291	-5.309030	0.440117	6.526668	3.484066	-1.419516	2.611263	7.281704	-5.071995	-2.119969	-1.076906	4.504520	7.059232	-1.678097	-2.168670	0.904958	2.597435	5.485291	6.922091	0.930276	4.534761	7.464280	-2.859130	-3.275448	-1.650590	1.531828	5.084923	6.289905	5.158074	-4.191988	-4.196056	-3.361942	6.955189	5.110015	-1.503878	5.209734	2.945458	-3.233424	3.075058	10.210679	10.924898	4.258868	1.244354	5.455522	5.219838	2.255904	4.565079	2.431005	1.014128	4.468675
15.800000	0.758048	-4.904567	-1.106122	6.475952	3.097489	-1.731719	2.593319	6.412608	-5.202897	2.798239	0.279471	4.326227	6.209617	-4.083597	0.530533	1.155171	3.764319	7.373968	5.559796	0.593521	4.885328	5.137079	-5.375709	1.174338	-1.210207	1.102129	6.376272	6.718641	-1.570124	-4.721977	-0.160495	-4.213486	3.920140	6.918536	-0.426343	5.829844	2.408663	-3.047386	0.916858	12.576247	7.390399	-5.146963	1.847576	6.567779	6.008089	2.020356	4.241115	2.627512	1.752035	4.734470
15.900000	-1.342460	-3.401264	-2.754108	5.203418	3.679193	-1.827710	2.640779	5.988755	-3.051500	4.907684	4.445972	4.722151	3.461489	-4.325894	2.447174	3.278108	5.420769	8.290260	2.578374	0.141715	5.186444	2.743742	-4.967446	3.805292	1.433711	1.739452	7.182948	3.282076	-5.725714	-1.721973	0.593229	-2.851605	1.892773	8.218807	2.577409	5.419470	0.742399	-2.927415	-1.511225	12.121990	-0.405437	-7.285644	-0.596872	8.171636	6.356088	0.580099	4.197211	3.455813	2.485585	4.362154
16.000000	-2.238675	-1.053785	-3.059879	3.631481	4.654294	-1.511658	2.861623	6.177682	-0.614359	5.237800	7.639163	2.852564	0.017652	-3.432862	1.858333	6.082146	7.886286	5.497792	-1.232423	0.702642	5.519193	0.812243	-3.945238	3.689905	4.656621	3.272112	6.613281	-1.753899	-4.990574	-0.795165	0.992178	-1.641650	0.829894	8.971538	5.337473	2.093372	-0.999249	-1.713111	-3.344183	11.753858	-2.601260	-2.640508	-4.267429	4.814066	8.272448	-0.282120	4.597251	5.061726	2.771544	3.137446
16.100000	-1.843015	0.839771	-2.017774	2.792556	5.436585	-0.628704	3.217641	6.850994	1.678547	5.589085	7.826362	-1.084228	-0.124345	-2.340836	0.464698	7.486749	8.487054	-1.490102	-1.815956	0.689555	5.924338	-0.772972	-2.754571	2.211340	7.121907	4.863112	2.942123	-4.465673	-1.782021	-1.363578	1.437429	-0.495492	0.724005	9.323254	4.721985	-2.381857	-0.008636	-0.511892	-3.483931	11.330004	1.314521	-0.376695	-3.547912	1.304304	9.517927	2.131864	4.725203	6.158861	1.992976	1.775421
16.200000	-0.896251	1.912340	-0.494254	2.783823	6.017974	0.603003	3.690831	7.908598	3.857503	5.561510	5.052698	-3.098076	2.482552	-1.023365	0.105202	7.709228	5.277333	-5.935928	1.536369	1.350892	6.046463	-1.488278	-1.203021	1.099638	8.242505	4.219928	-2.042991	-3.513802	-0.187664	-0.885930	1.979103	0.696174	1.506734	9.471197	1.022046	-3.829841	1.718616	0.387040	-2.461347	10.215468	3.456887	-3.118497	-1.907709	-1.011816	9.349934	6.560056	3.485816	5.229547	1.037316	1.382094
16.300000	0.125871	2.559967	1.065829	3.409164	6.502110	1.901855	4.401289	9.184409	4.803928	3.530796	1.996767	-2.532166	4.004617	0.939021	0.828554	7.829203	0.604726	-6.148174	2.132182	4.567664	5.040086	-2.342246	0.490523	1.455967	8.552314	0.978670	-3.929194	-1.556393	-0.022914	-0.066948	2.511898	1.987351	3.018123	8.765537	-2.975777	-1.936195	1.817650	1.384400	-0.763421	9.696601	1.491660	-4.794254	0.600624	-0.854639	8.213912	9.485506	0.587345	4.133520	1.412034	1.517687
16.400000	0.990533	3.126562	2.652226	4.547510	6.907973	3.114585	5.453243	9.714227	2.523183	0.953463	1.355720	-1.229299	4.337224	2.975099	2.164795	7.291304	-3.494913	-3.651830	-0.613476	5.704140	3.533265	-3.029722	1.694521	3.346930	7.965895	-2.728587	-1.934109	-0.904124	0.370325	0.773793	3.145467	3.533670	4.714655	6.076364	-4.973308	1.236121	2.333444	2.134657	1.386366	9.414358	-2.080224	-3.333156	1.176583	1.295707	8.349810	8.556328	-1.960416	5.025416	3.052898	1.356062
16.500000	1.624490	3.956923	4.511847	6.072251	7.052466	4.045161	6.367298	7.753862	-1.314972	1.208741	1.937454	0.221409	4.606486	4.888859	3.391627	5.035421	-5.010187	0.690889	-1.108460	5.416081	2.991209	-3.085134	1.928448	5.586332	5.442621	-4.698312	1.747826	0.019457	1.022865	1.748682	4.078831	5.285162	5.097977	1.656299	-4.892520	2.189989	4.329729	2.855640	3.300832	7.877758	-4.452855	0.307034	1.114308	2.974550	9.455429	4.378904	-3.097768	5.871444	5.423430	0.276236
16.600000	2.321973	5.536587	7.019712	7.344791	6.143473	4.169122	6.163344	3.826015	-2.899360	2.548850	3.180297	1.667747	5.238178	6.327029	3.015088	1.973174	-4.245963	2.890377	1.797254	5.607249	1.783467	-2.908837	1.417170	6.929381	1.754107	-4.672295	3.451653	2.488282	1.624296	2.811112	5.473178	6.305480	2.502040	-1.658934	-3.603549	0.568993	5.792145	4.567515	4.131685	4.881212	-4.494605	2.986555	3.359077	4.897249	8.982143	-1.466680	-2.545061	4.719544	7.016053	-1.048459
16.700000	2.923131	8.248921	9.857918	5.691545	3.405676	3.974818	5.284356	0.538290	-2.463470	2.561865	4.998310	3.467625	6.052097	6.154174	0.705038	0.693301	-2.988120	2.626856	4.871978	5.041714	-0.718430	-2.088232	0.455680	7.320454	-1.108316	-3.481901	2.525725	4.839551	2.351462	3.774761	6.922910	4.731919	-1.330973	-1.194514	-2.357130	-0.830388	5.798089	7.139589	2.927550	1.695974	-3.505060	2.792426	6.774349	6.847492	3.658244	-5.391601	-0.639251	3.518853	7.278692	-1.071331
16.800000	3.254028	11.407985	8.953584	-1.045534	2.409784	4.887542	4.242490	-1.595430	-1.304385	1.947498	6.712123	6.075539	5.732447	3.416433	-0.980164	1.577763	-1.651993	2.095932	6.619685	2.994781	-2.669194	-0.444218	0.097305	7.401766	-2.083219	-1.439073	1.362000	6.155051	4.192205	4.630237	6.836579	0.731516	-2.417184	0.617120	-1.365527	-0.995225	5.081689	8.540120	0.003894	0.779362	-2.351301	1.383929	8.767441	5.027511	-3.792630	-3.901495	-1.500672	2.988274	7.384824	-0.353942
16.900000	3.905746	12.621671	0.476639	-4.744332	2.357830	6.943393	1.814288	-2.608902	-0.154146	1.938279	8.248055	7.859003	2.006453	0.713027	-0.570252	2.448503	-0.128126	2.255742	7.255403	0.178438	-2.667979	0.663650	1.076895	7.363766	-1.721669	0.596075	1.723085	7.126699	6.638013	4.368068	4.115453	-2.072852	-1.078753	1.361230	-0.355659	-0.434713	4.704656	8.332847	-1.885724	2.567263	-1.018283	0.795629	9.135122	0.024176	-5.451808	-0.578533	-2.036791	1.662238	7.955952	1.358069
17.000000	5.052053	9.214520	-6.754844	0.205978	0.272835	7.514048	0.031619	-2.085632	0.290157	2.663858	9.714309	5.343450	-2.786399	1.694173	0.612322	2.997389	1.354232	3.074292	6.884647	-2.161132	-0.984225	0.902831	2.450033	7.072436	-1.082769	1.948399	3.525620	8.623380	7.051445	1.210084	1.839208	-2.060472	0.029776	1.915816	0.521786	0.412315	5.007415	7.427324	-1.796054	4.595330	0.908537	1.415975	8.821298	-3.646328	-2.395942	0.178096	-1.105985	1.028427	8.502970	4.561306
17.100000	3.452932	3.135112	-6.764344	3.629502	4.597682	6.732944	-1.659373	-0.681152	0.543058	3.632117	10.090526	-0.808406	-3.471749	2.476257	2.847861	3.445896	2.584824	4.108135	5.326547	-3.227767	1.200893	1.723891	3.750706	6.563433	-0.677434	2.709973	6.274684	9.715178	2.299852	-1.624749	2.638487	-0.871114	0.781590	2.606083	1.359079	1.433037	5.810115	6.315356	-0.982329	5.590577	3.283955	2.627952	7.515682	-4.320942	1.743724	0.912471	-0.192200	1.208439	9.182813	7.927804
17.200000	-1.874266	2.491237	-4.958277	1.618934	7.880269	3.357210	-3.755736	1.230272	1.547454	4.832397	8.086240	-5.419428	-0.012905	1.865426	4.487019	4.260225	3.344235	4.572940	2.952851	-3.152214	2.324137	3.749458	5.180440	5.274602	-0.699347	3.121272	9.010627	6.293961	-4.317401	-0.219841	3.131570	0.636323	1.488030	3.337881	2.261229	2.646346	6.751110	4.882483	-0.377005	5.919920	5.808306	3.347502	5.107110	-3.150286	4.041231	2.749743	0.314806	1.954550	10.256590	7.158913
17.300000	-3.842454	5.430896	-1.998978	0.770066	8.439069	-0.010185	-3.617067	1.533675	3.575393	6.136740	3.484997	-6.376015	2.531277	4.251172	5.626026	4.924911	3.472494	3.954411	0.842612	-2.435734	2.063159	6.032800	6.201744	2.375595	-0.810744	3.168407	9.901464	-1.448675	-5.264630	-0.012385	3.788021	1.870257	2.153800	4.066780	3.365663	4.062304	7.199810	2.829229	0.051877	6.100526	7.840741	2.322133	2.746770	-1.602224	4.523359	4.397709	0.377668	2.789268	10.955185	1.446943
17.400000	-1.945922	5.426752	1.174381	1.394685	8.293333	-2.227158	-1.610604	0.761601	4.986266	6.029674	-2.226879	-5.118323	0.223850	6.602353	7.392282	3.614041	2.693324	3.095104	-0.153427	-1.468175	1.429570	7.555613	5.520480	-1.337378	-0.102278	3.203337	8.622420	-5.921840	0.185751	-1.214106	3.766004	3.706603	2.899192	4.766558	4.776058	5.361037	6.143754	0.481804	0.712481	6.541535	8.286054	-0.232839	2.315760	0.094178	4.698177	5.268388	0.461572	3.522971	10.031896	-4.268116
17.500000	0.938065	5.479618	3.039451	2.575268	7.331272	-2.895985	1.108074	1.335321	5.698843	3.625097	-5.426405	-1.333681	-2.242837	5.280863	9.554894	0.916050	2.080879	3.019495	-0.292345	-0.508228	1.313700	8.269907	2.768267	-3.493667	0.791330	4.090111	6.475803	-5.073570	4.967429	2.407997	4.135283	5.282561	3.915619	5.383195	6.139639	5.426483	3.241420	-0.845604	1.310387	7.491587	6.605884	-2.368350	3.653086	2.683713	5.290797	5.180478	0.627406	4.144797	7.519089	-6.713768
17.600000	1.371068	7.207837	4.445471	3.126994	5.586466	-2.387455	2.838608	3.697957	5.723492	-0.343827	-5.095958	1.407246	-0.977251	3.860460	10.245720	-0.411012	2.613601	3.445642	-0.202624	0.356337	1.917192	8.391295	-0.760083	-3.074292	0.286077	5.037820	4.540194	-3.353137	5.531720	7.395939	4.471229	5.327573	5.038758	6.052958	6.324082	3.275506	0.630819	-0.552591	1.501047	8.343408	3.473614	-3.233917	4.176303	6.501698	5.651971	3.418183	0.855275	4.628476	4.377215	-6.966515
17.700000	-1.198078	7.543868	6.600485	2.042938	3.961632	-1.205008	3.331934	6.084656	3.323247	-3.666450	-3.194384	1.214820	1.024908	4.343098	9.824744	-0.484661	3.433350	3.977185	-0.214595	1.122987	3.102913	7.648917	-3.231495	-0.316631	-0.175231	5.305570	3.556998	-2.318517	4.400483	10.966078	4.568258	3.981748	6.156937	6.627173	4.179622	0.606370	0.314556	0.267183	2.030001	8.605063	-0.059564	-2.894868	2.596525	9.495022	4.581193	0.363657	1.443703	5.052455	1.058069	-6.629523
17.800000	-3.999258	3.960452	9.023479	0.842615	3.369837	0.433526	3.693752	6.794703	-0.903830	-3.589865	-1.978200	0.563405	2.315750	6.083063	8.497013	-0.842141	4.167339	4.496735	-0.356867	1.802903	4.569713	5.806683	-3.816000	2.636365	1.764487	5.622103	2.626283	-1.833321	3.034028	12.981530	4.111558	2.081929	6.972575	6.325384	0.477729	-0.013686	1.027297	1.185867	3.130821	7.965027	-2.885545	-0.780441	0.999159	10.282273	2.560156	-1.726129	1.911351	5.388496	-2.041221	-4.695325
17.900000	-4.108963	-0.658511	9.682715	3.032029	2.526551	1.886222	4.486927	5.419025	-3.779277	-0.532307	-1.569024	0.432274	3.250973	8.065833	5.667574	-1.736816	4.814287	5.190130	-0.654587	2.386244	5.901767	3.117941	-3.515854	3.519439	5.260368	5.219600	0.438429	-1.360716	1.694552	13.705723	3.079906	0.515905	7.332173	4.883199	-2.398241	1.168676	1.886521	2.302017	4.522103	6.016444	-3.981453	1.946890	2.604333	10.087267	-0.269579	-1.771427	1.725542	5.474626	-3.465452	-0.721820
18.000000	-2.859089	-2.450164	8.079525	6.238087	0.050886	2.552771	5.425074	2.643257	-4.203675	2.272355	-0.146758	0.902882	4.294822	9.047953	1.126732	-2.024939	4.711569	6.008632	-0.993683	2.876199	6.710595	0.040977	-2.845435	2.415550	7.739622	3.001520	-1.818421	-0.257668	1.178706	13.604333	1.924934	-0.263702	7.423232	2.987833	-3.505695	2.180551	3.526295	3.682269	5.338300	2.863730	-3.910395	2.550929	6.250940	7.786659	-3.972482	0.667943	1.904208	5.333771	-2.601655	2.825694
18.100000	-2.043953	-2.167145	5.946867	7.348869	-1.863453	3.202354	6.247388	-0.571937	-3.320424	2.900539	2.002065	1.801581	5.600279	7.670328	-3.410829	-0.553195	4.080599	6.402396	-0.857865	3.330495	6.726647	-2.531359	-1.105800	1.125567	8.418550	0.522111	-2.138342	0.553105	2.172712	13.198576	0.152544	-0.092024	7.470138	1.162941	-3.424086	1.896650	5.609205	5.305811	4.046491	-0.403219	-3.079664	0.989704	8.085248	2.938477	-5.660787	2.448476	4.302475	4.555562	-1.143960	4.632163
18.200000	-1.543086	-1.215907	4.670561	7.248730	-2.070703	3.859657	6.416366	-3.402162	-1.449374	2.285700	3.829546	3.429163	6.434419	3.454842	-5.488859	0.821805	4.837183	6.165364	-0.464172	3.784956	5.985259	-3.606099	1.315182	1.973374	8.306124	-1.096407	-0.909192	0.807247	3.685664	12.217943	-2.081816	1.172605	7.596753	-0.662328	-2.444822	0.753326	6.980288	6.091081	0.208633	-1.351991	-1.796255	-0.464741	8.202061	-0.895534	-4.776790	0.627519	6.249751	3.657611	-0.409337	5.377656
18.300000	-0.911664	-0.196852	4.450319	6.893832	-1.317285	4.432297	5.570647	-4.828178	0.963360	2.732681	5.287506	5.420319	4.868232	-1.598798	-4.605321	-0.709155	5.434194	6.031010	-0.381267	4.223507	4.981239	-3.462695	2.692898	4.870634	6.937635	-2.634293	1.115019	1.609950	5.266899	10.061646	-3.722568	2.799719	7.920318	-2.392618	-0.315443	0.270776	7.358392	4.853897	-3.187804	0.621416	-0.844981	-0.742320	8.235523	-2.210390	-2.042701	-1.307635	6.098747	4.316098	0.147774	5.708565
18.400000	-0.184654	0.657087	4.971544	6.529448	-0.397901	4.931301	3.971687	-4.959312	2.112391	5.078754	6.920356	4.959392	0.509752	-3.086663	-2.261005	-2.322731	4.139830	6.910122	0.175243	4.624597	3.988171	-3.063575	2.665767	7.440446	3.406446	-3.742448	2.540561	4.060860	7.006122	5.698854	-4.832222	3.248403	8.390407	-3.010032	2.435064	2.125021	7.565150	1.749497	-4.012537	2.617934	0.604179	-0.024322	8.300249	-1.317214	0.643435	-0.857603	5.624238	5.656528	0.872771	5.672686
18.500000	0.517661	1.378612	5.873086	6.135658	0.238420	5.244020	2.046827	-4.642290	1.144268	7.443671	7.552140	0.085864	-1.368906	-1.751881	-0.907265	-2.171543	2.513395	8.046680	1.936565	4.543455	2.666387	-2.739767	1.893405	8.447830	-0.717843	-3.230300	1.595034	6.789423	6.970008	-1.321733	-4.513451	0.710695	8.897560	-0.958304	4.050050	5.679134	5.998163	-2.610853	-2.712133	2.546313	2.420117	1.562566	8.140934	0.095338	1.820272	0.795576	5.840252	6.571193	1.445879	5.220216
18.600000	1.402302	2.164931	6.904176	5.469779	0.396030	5.359344	0.256823	-3.937180	-0.921834	7.673063	5.710255	-4.314753	1.313358	-0.731505	0.127087	-1.319512	1.553911	8.948525	4.084027	2.891642	1.162497	-2.149085	0.931269	8.507380	-2.668825	-0.684105	0.454660	7.589076	3.643593	-5.796258	-0.844758	-1.909974	8.404548	4.190190	4.196180	6.752731	1.067542	-4.507898	-1.191472	1.892888	3.896885	3.912872	7.390937	0.370551	2.218864	2.644136	6.813082	6.529044	1.240509	4.724912
18.700000	2.883105	3.276499	7.702937	4.060259	0.246147	5.465482	-0.838615	-2.513184	-2.379815	6.426330	3.809371	-5.065552	3.966893	1.613290	0.745162	-0.372793	1.493473	9.606891	4.372740	-0.173183	1.016595	-1.236118	0.400049	8.439684	-1.551263	1.820228	1.840470	7.621894	-0.941381	-5.442312	1.479937	-0.068570	7.724031	8.384775	3.029454	4.220112	-2.350363	-2.725268	-1.232301	1.567879	5.341213	6.357216	5.116936	-0.509574	2.760379	4.952440	8.061872	4.561932	0.394430	4.744690
18.800000	5.156644	4.768206	7.287604	1.724076	0.401812	5.624192	-0.972409	-0.743291	-2.434049	5.408409	2.997749	-4.280029	4.495178	4.425338	0.171848	0.381877	2.152527	10.003320	1.843125	-1.975650	2.133377	-0.055447	0.691083	8.432571	0.885249	2.637386	4.066985	6.024624	-4.816153	-2.443495	0.627760	2.043962	8.618785	8.507623	-0.459701	3.102914	-2.339889	-0.609711	-0.946415	1.350312	6.731364	7.403268	0.749144	-0.849684	2.993930	7.757906	7.680009	0.165250	0.355598	5.104212
18.900000	7.794519	5.330905	4.393072	-0.262577	1.073985	5.787395	-0.486494	0.659753	-1.422888	5.134594	2.589793	-3.352152	3.910553	6.178449	-0.826253	1.216399	3.499773	9.569110	-1.776850	-1.027669	2.633757	1.405777	1.791567	8.550414	2.720803	2.485739	5.061133	2.550353	-5.884273	0.563186	0.810102	3.137513	10.058105	4.285339	-3.073742	5.040952	-0.413231	0.864517	-0.038317	1.650382	7.848426	5.370076	-3.356735	0.454397	3.286413	9.559983	3.455828	-3.530389	1.013622	6.053504
19.000000	10.060383	2.070624	1.198221	-0.205696	1.627314	6.048314	0.198372	1.472445	0.057317	5.328254	1.990178	-2.628042	3.100233	7.010985	-1.115053	2.094395	5.470384	7.304631	-4.298078	1.531417	3.367646	2.701076	3.534765	8.725348	2.914559	2.000027	4.910506	-0.623404	-4.883844	0.932454	2.382213	4.985722	9.565632	-2.076962	-2.517622	5.370280	2.535307	1.039364	0.837093	2.565208	8.371795	0.734333	-4.448570	0.768030	4.855115	9.076559	-2.954431	-2.504393	-0.377140	6.767436
19.100000	9.918260	-2.431612	2.183048	0.934910	2.379554	6.289424	0.788164	1.850863	1.622181	5.564877	0.932176	-1.984681	2.321553	7.499672	-0.399637	2.748945	7.110071	2.931675	-5.125987	2.485527	5.633856	4.153558	5.267389	8.128364	1.282074	1.782646	4.551784	-2.395176	-2.961949	-0.074993	3.344585	7.267948	4.819053	-6.550680	-0.479172	4.651172	4.107056	0.499588	1.517810	3.920168	7.415061	-3.687400	-1.938128	-0.695341	5.237834	6.553711	-5.938864	2.298981	0.440316	6.452675
19.200000	5.418693	-4.090721	4.604385	3.858300	3.439358	6.076541	0.938131	2.120386	3.117325	5.395819	-0.459684	-1.092985	1.777716	7.923257	1.157289	3.247733	7.192627	-1.980084	-3.963685	0.223291	7.323969	7.182621	5.555737	5.327290	-0.452474	2.285315	4.317499	-2.988702	-0.649236	-0.337899	3.516785	7.816661	-2.381941	-5.944040	-1.804273	4.123622	4.949198	0.092469	2.152556	5.335352	4.548811	-5.239275	1.942568	0.324674	5.221865	4.112479	-5.388003	4.214953	5.642627	7.561959
19.300000	-2.432612	-3.324928	3.384983	7.489186	4.459133	4.388111	0.803510	2.565212	4.501579	4.384037	-1.680505	0.115400	1.970470	8.394136	3.041265	3.332834	5.465907	-4.491832	-0.363009	-1.237199	6.514171	10.721578	2.499737	1.729208	-0.287671	2.807313	4.092658	-2.790727	1.341413	0.740746	3.995958	6.118937	-6.141034	-0.102062	-3.185964	2.174452	6.132759	0.534748	2.728996	6.148221	0.710820	-4.739877	2.846287	3.778129	5.363885	0.926886	-4.530203	2.056618	9.809566	5.908649
19.400000	-5.714253	-1.608322	0.916626	8.991832	5.441872	1.107941	0.947261	3.282232	5.557161	2.354374	-2.190309	1.041263	3.228432	9.086248	3.822973	2.285923	3.506783	-4.028551	2.468016	0.928730	6.282463	10.802529	-1.899835	2.132481	0.961434	3.370505	3.670734	-2.145301	2.519546	2.767462	4.751859	3.032593	-5.659149	4.502454	-0.144701	1.935836	6.890056	1.946126	3.171126	5.671307	-2.583803	-3.064657	1.080987	5.952424	4.176921	-2.504118	-2.859142	-1.328495	10.015361	1.360834
19.500000	-4.402040	-0.844339	0.016070	9.138845	4.824644	-2.175698	1.675559	4.555362	5.671856	-0.296666	-1.650035	1.147413	4.959808	9.728905	1.910894	0.997124	2.977354	-2.458544	3.184950	4.518403	7.885773	6.513795	-4.012321	4.623788	3.959557	3.687298	2.693308	-1.417273	2.960719	5.009162	4.420242	-0.492455	-4.339704	4.551701	4.038768	2.965730	7.115341	3.081564	3.097400	4.073519	-3.918880	-0.528548	0.146113	6.396801	2.282693	-3.894165	-0.092624	-2.230182	9.588688	-0.915184
19.600000	-1.862810	-0.377595	0.072870	9.038928	2.438103	-3.758234	1.717125	6.322095	4.128593	-2.552534	-0.173685	1.211463	6.379522	8.985377	-1.663305	1.588052	3.316861	-0.830767	3.214330	7.805825	7.386773	-1.250281	-3.711895	3.727776	7.529645	2.601795	1.112621	-0.557811	3.098835	6.562181	2.020127	-2.736214	-3.169993	2.279852	6.968063	5.283822	6.172404	2.812220	2.544095	2.609204	-3.519402	1.261999	1.389350	6.569466	0.120118	-3.415450	1.609366	-0.053082	9.693643	-1.763446
19.700000	1.011975	0.370561	0.784217	8.970559	-0.519065	-3.290665	0.246981	7.194365	1.815545	-3.312041	0.955346	2.364309	7.652685	5.702668	-4.018593	3.208542	4.491477	0.341295	3.598215	9.359416	1.204811	-5.431788	-1.799158	1.086671	8.686095	1.781713	0.128895	0.326171	3.531903	6.837061	-1.225696	-2.020731	-2.283745	0.200711	8.078601	8.114120	2.694922	1.485282	2.557629	1.923101	-2.584300	1.867720	3.507282	6.030716	-2.244548	-1.835185	1.659226	2.711688	9.017304	-2.448088
19.800000	3.436553	2.023459	2.134997	8.468956	-2.649603	-0.674124	-0.748729	7.189541	0.560804	-2.850268	1.011134	4.038870	8.221212	0.139870	-4.195206	2.651466	6.409554	1.499839	4.288265	8.006634	-5.015808	-1.858561	-1.744157	-0.302164	8.742158	1.960213	-0.498743	1.030102	4.411568	5.790132	-3.162097	0.786146	-1.392880	-0.598932	7.766124	8.524598	-2.065144	2.002567	3.333364	1.512799	-1.718776	1.927575	5.277309	4.052163	-3.835574	0.143856	1.806209	4.647978	7.429993	-2.566574
19.900000	4.580898	4.759259	3.764368	6.598180	-3.110999	2.377161	1.053310	7.232226	-0.309809	-1.899429	0.669289	5.239575	6.639952	-4.741530	-1.482422	0.511870	7.386730	4.141752	4.365598	4.379219	-5.981213	3.257937	-0.269693	-0.445132	8.519028	2.289169	-1.187544	1.482404	5.459298	3.813265	-3.391466	3.259682	0.131711	-0.146588	7.437756	6.292709	-4.462231	3.654285	5.079174	0.457713	-0.987817	1.920471	6.272905	1.135566	-3.958833	0.985922	3.072161	6.209985	4.976336	-2.324923
20.000000	4.291524	7.848625	4.310283	3.034541	-2.547495	3.518539	4.623824	6.070628	-2.080549	-0.276851	0.681509	5.877027	3.416716	-6.115779	1.726191	1.716189	7.832410	6.418482	2.021857	1.234001	-4.537659	4.480821	2.686361	0.842435	8.457088	1.567560	-1.641430	1.570408	6.330864	1.580740	-2.816693	4.198554	2.203221	1.032365	7.586927	2.768021	-4.889329	3.382264	6.923640	-1.241697	0.069686	2.201171	6.488398	-1.515863	-2.634309	0.403473	4.288259	7.258319	1.420415	-1.988929
